0.000000 0.500000
0.001000 0.500000
0.002000 0.499995
0.003000 0.499985
0.004000 0.499971
0.005000 0.499951
0.006000 0.499927
0.007000 0.499897
0.008000 0.499863
0.009000 0.499824
0.010000 0.499780
0.011000 0.499731
0.012000 0.499678
0.013000 0.499620
0.014000 0.499556
0.015000 0.499488
0.016000 0.499415
0.017000 0.499338
0.018000 0.499255
0.019000 0.499168
0.020000 0.499076
0.021000 0.498979
0.022000 0.498877
0.023000 0.498771
0.024000 0.498660
0.025000 0.498544
0.026000 0.498423
0.027000 0.498298
0.028000 0.498168
0.029000 0.498033
0.030000 0.497893
0.031000 0.497749
0.032000 0.497600
0.033000 0.497447
0.034000 0.497288
0.035000 0.497125
0.036000 0.496957
0.037000 0.496785
0.038000 0.496608
0.039000 0.496426
0.040000 0.496240
0.041000 0.496049
0.042000 0.495853
0.043000 0.495653
0.044000 0.495448
0.045000 0.495238
0.046000 0.495024
0.047000 0.494806
0.048000 0.494582
0.049000 0.494354
0.050000 0.494122
0.051000 0.493885
0.052000 0.493643
0.053000 0.493397
0.054000 0.493147
0.055000 0.492891
0.056000 0.492632
0.057000 0.492367
0.058000 0.492099
0.059000 0.491825
0.060000 0.491548
0.061000 0.491265
0.062000 0.490979
0.063000 0.490687
0.064000 0.490392
0.065000 0.490092
0.066000 0.489787
0.067000 0.489478
0.068000 0.489165
0.069000 0.488847
0.070000 0.488525
0.071000 0.488198
0.072000 0.487867
0.073000 0.487531
0.074000 0.487192
0.075000 0.486847
0.076000 0.486499
0.077000 0.486146
0.078000 0.485789
0.079000 0.485427
0.080000 0.485061
0.081000 0.484691
0.082000 0.484316
0.083000 0.483938
0.084000 0.483555
0.085000 0.483167
0.086000 0.482775
0.087000 0.482379
0.088000 0.481979
0.089000 0.481575
0.090000 0.481166
0.091000 0.480753
0.092000 0.480336
0.093000 0.479915
0.094000 0.479489
0.095000 0.479059
0.096000 0.478625
0.097000 0.478187
0.098000 0.477745
0.099000 0.477299
0.100000 0.476848
0.101000 0.476393
0.102000 0.475935
0.103000 0.475472
0.104000 0.475005
0.105000 0.474533
0.106000 0.474058
0.107000 0.473579
0.108000 0.473095
0.109000 0.472608
0.110000 0.472116
0.111000 0.471621
0.112000 0.471121
0.113000 0.470618
0.114000 0.470110
0.115000 0.469598
0.116000 0.469083
0.117000 0.468563
0.118000 0.468040
0.119000 0.467512
0.120000 0.466981
0.121000 0.466445
0.122000 0.465906
0.123000 0.465362
0.124000 0.464815
0.125000 0.464264
0.126000 0.463709
0.127000 0.463150
0.128000 0.462587
0.129000 0.462021
0.130000 0.461450
0.131000 0.460876
0.132000 0.460298
0.133000 0.459716
0.134000 0.459130
0.135000 0.458541
0.136000 0.457947
0.137000 0.457350
0.138000 0.456749
0.139000 0.456144
0.140000 0.455536
0.141000 0.454924
0.142000 0.454308
0.143000 0.453688
0.144000 0.453065
0.145000 0.452438
0.146000 0.451807
0.147000 0.451173
0.148000 0.450535
0.149000 0.449893
0.150000 0.449247
0.151000 0.448598
0.152000 0.447946
0.153000 0.447290
0.154000 0.446630
0.155000 0.445966
0.156000 0.445299
0.157000 0.444629
0.158000 0.443954
0.159000 0.443277
0.160000 0.442596
0.161000 0.441911
0.162000 0.441222
0.163000 0.440531
0.164000 0.439835
0.165000 0.439137
0.166000 0.438434
0.167000 0.437729
0.168000 0.437020
0.169000 0.436307
0.170000 0.435591
0.171000 0.434872
0.172000 0.434149
0.173000 0.433422
0.174000 0.432693
0.175000 0.431960
0.176000 0.431224
0.177000 0.430484
0.178000 0.429741
0.179000 0.428994
0.180000 0.428245
0.181000 0.427492
0.182000 0.426736
0.183000 0.425976
0.184000 0.425213
0.185000 0.424447
0.186000 0.423678
0.187000 0.422905
0.188000 0.422129
0.189000 0.421350
0.190000 0.420568
0.191000 0.419783
0.192000 0.418994
0.193000 0.418202
0.194000 0.417407
0.195000 0.416609
0.196000 0.415808
0.197000 0.415004
0.198000 0.414197
0.199000 0.413386
0.200000 0.412572
0.201000 0.411756
0.202000 0.410936
0.203000 0.410113
0.204000 0.409287
0.205000 0.408459
0.206000 0.407627
0.207000 0.406792
0.208000 0.405954
0.209000 0.405113
0.210000 0.404269
0.211000 0.403423
0.212000 0.402573
0.213000 0.401720
0.214000 0.400865
0.215000 0.400006
0.216000 0.399145
0.217000 0.398280
0.218000 0.397413
0.219000 0.396543
0.220000 0.395670
0.221000 0.394795
0.222000 0.393916
0.223000 0.393035
0.224000 0.392151
0.225000 0.391264
0.226000 0.390374
0.227000 0.389482
0.228000 0.388586
0.229000 0.387688
0.230000 0.386788
0.231000 0.385884
0.232000 0.384978
0.233000 0.384069
0.234000 0.383158
0.235000 0.382244
0.236000 0.381327
0.237000 0.380407
0.238000 0.379485
0.239000 0.378560
0.240000 0.377633
0.241000 0.376703
0.242000 0.375771
0.243000 0.374835
0.244000 0.373898
0.245000 0.372958
0.246000 0.372015
0.247000 0.371070
0.248000 0.370122
0.249000 0.369172
0.250000 0.368219
0.251000 0.367264
0.252000 0.366306
0.253000 0.365346
0.254000 0.364383
0.255000 0.363418
0.256000 0.362451
0.257000 0.361481
0.258000 0.360509
0.259000 0.359534
0.260000 0.358557
0.261000 0.357578
0.262000 0.356596
0.263000 0.355612
0.264000 0.354626
0.265000 0.353637
0.266000 0.352646
0.267000 0.351653
0.268000 0.350658
0.269000 0.349660
0.270000 0.348660
0.271000 0.347658
0.272000 0.346654
0.273000 0.345647
0.274000 0.344638
0.275000 0.343627
0.276000 0.342614
0.277000 0.341599
0.278000 0.340582
0.279000 0.339562
0.280000 0.338541
0.281000 0.337517
0.282000 0.336491
0.283000 0.335463
0.284000 0.334433
0.285000 0.333401
0.286000 0.332367
0.287000 0.331331
0.288000 0.330293
0.289000 0.329253
0.290000 0.328211
0.291000 0.327167
0.292000 0.326121
0.293000 0.325073
0.294000 0.324023
0.295000 0.322971
0.296000 0.321918
0.297000 0.320862
0.298000 0.319804
0.299000 0.318745
0.300000 0.317684
0.301000 0.316621
0.302000 0.315556
0.303000 0.314489
0.304000 0.313420
0.305000 0.312350
0.306000 0.311278
0.307000 0.310204
0.308000 0.309128
0.309000 0.308051
0.310000 0.306971
0.311000 0.305890
0.312000 0.304808
0.313000 0.303724
0.314000 0.302637
0.315000 0.301550
0.316000 0.300460
0.317000 0.299369
0.318000 0.298277
0.319000 0.297183
0.320000 0.296087
0.321000 0.294989
0.322000 0.293890
0.323000 0.292790
0.324000 0.291687
0.325000 0.290584
0.326000 0.289478
0.327000 0.288372
0.328000 0.287263
0.329000 0.286154
0.330000 0.285042
0.331000 0.283930
0.332000 0.282815
0.333000 0.281700
0.334000 0.280583
0.335000 0.279464
0.336000 0.278344
0.337000 0.277223
0.338000 0.276100
0.339000 0.274976
0.340000 0.273851
0.341000 0.272724
0.342000 0.271596
0.343000 0.270467
0.344000 0.269336
0.345000 0.268204
0.346000 0.267071
0.347000 0.265936
0.348000 0.264800
0.349000 0.263663
0.350000 0.262525
0.351000 0.261385
0.352000 0.260245
0.353000 0.259103
0.354000 0.257960
0.355000 0.256815
0.356000 0.255670
0.357000 0.254523
0.358000 0.253376
0.359000 0.252227
0.360000 0.251077
0.361000 0.249926
0.362000 0.248774
0.363000 0.247621
0.364000 0.246467
0.365000 0.245311
0.366000 0.244155
0.367000 0.242998
0.368000 0.241840
0.369000 0.240680
0.370000 0.239520
0.371000 0.238359
0.372000 0.237197
0.373000 0.236034
0.374000 0.234870
0.375000 0.233705
0.376000 0.232539
0.377000 0.231372
0.378000 0.230204
0.379000 0.229036
0.380000 0.227867
0.381000 0.226696
0.382000 0.225525
0.383000 0.224354
0.384000 0.223181
0.385000 0.222007
0.386000 0.220833
0.387000 0.219658
0.388000 0.218483
0.389000 0.217306
0.390000 0.216129
0.391000 0.214951
0.392000 0.213772
0.393000 0.212593
0.394000 0.211413
0.395000 0.210232
0.396000 0.209051
0.397000 0.207869
0.398000 0.206686
0.399000 0.205503
0.400000 0.204319
0.401000 0.203135
0.402000 0.201950
0.403000 0.200764
0.404000 0.199578
0.405000 0.198392
0.406000 0.197204
0.407000 0.196017
0.408000 0.194829
0.409000 0.193640
0.410000 0.192451
0.411000 0.191261
0.412000 0.190071
0.413000 0.188880
0.414000 0.187689
0.415000 0.186498
0.416000 0.185306
0.417000 0.184114
0.418000 0.182921
0.419000 0.181728
0.420000 0.180535
0.421000 0.179341
0.422000 0.178147
0.423000 0.176953
0.424000 0.175758
0.425000 0.174563
0.426000 0.173368
0.427000 0.172172
0.428000 0.170976
0.429000 0.169780
0.430000 0.168584
0.431000 0.167388
0.432000 0.166191
0.433000 0.164994
0.434000 0.163797
0.435000 0.162599
0.436000 0.161402
0.437000 0.160204
0.438000 0.159006
0.439000 0.157809
0.440000 0.156611
0.441000 0.155412
0.442000 0.154214
0.443000 0.153016
0.444000 0.151817
0.445000 0.150619
0.446000 0.149420
0.447000 0.148222
0.448000 0.147023
0.449000 0.145825
0.450000 0.144626
0.451000 0.143427
0.452000 0.142229
0.453000 0.141030
0.454000 0.139832
0.455000 0.138633
0.456000 0.137435
0.457000 0.136237
0.458000 0.135039
0.459000 0.133840
0.460000 0.132642
0.461000 0.131445
0.462000 0.130247
0.463000 0.129049
0.464000 0.127852
0.465000 0.126655
0.466000 0.125458
0.467000 0.124261
0.468000 0.123064
0.469000 0.121868
0.470000 0.120672
0.471000 0.119476
0.472000 0.118280
0.473000 0.117084
0.474000 0.115889
0.475000 0.114694
0.476000 0.113500
0.477000 0.112305
0.478000 0.111112
0.479000 0.109918
0.480000 0.108725
0.481000 0.107532
0.482000 0.106339
0.483000 0.105147
0.484000 0.103955
0.485000 0.102764
0.486000 0.101573
0.487000 0.100382
0.488000 0.099192
0.489000 0.098002
0.490000 0.096813
0.491000 0.095624
0.492000 0.094436
0.493000 0.093248
0.494000 0.092061
0.495000 0.090874
0.496000 0.089688
0.497000 0.088502
0.498000 0.087317
0.499000 0.086133
0.500000 0.084948
0.501000 0.083765
0.502000 0.082582
0.503000 0.081400
0.504000 0.080218
0.505000 0.079037
0.506000 0.077857
0.507000 0.076677
0.508000 0.075498
0.509000 0.074319
0.510000 0.073141
0.511000 0.071964
0.512000 0.070788
0.513000 0.069612
0.514000 0.068437
0.515000 0.067263
0.516000 0.066089
0.517000 0.064916
0.518000 0.063744
0.519000 0.062573
0.520000 0.061403
0.521000 0.060233
0.522000 0.059064
0.523000 0.057896
0.524000 0.056729
0.525000 0.055562
0.526000 0.054397
0.527000 0.053232
0.528000 0.052068
0.529000 0.050905
0.530000 0.049743
0.531000 0.048582
0.532000 0.047422
0.533000 0.046262
0.534000 0.045104
0.535000 0.043946
0.536000 0.042790
0.537000 0.041634
0.538000 0.040480
0.539000 0.039326
0.540000 0.038173
0.541000 0.037022
0.542000 0.035871
0.543000 0.034721
0.544000 0.033573
0.545000 0.032425
0.546000 0.031279
0.547000 0.030133
0.548000 0.028989
0.549000 0.027845
0.550000 0.026703
0.551000 0.025562
0.552000 0.024422
0.553000 0.023283
0.554000 0.022145
0.555000 0.021009
0.556000 0.019873
0.557000 0.018739
0.558000 0.017606
0.559000 0.016473
0.560000 0.015343
0.561000 0.014213
0.562000 0.013085
0.563000 0.011957
0.564000 0.010831
0.565000 0.009707
0.566000 0.008583
0.567000 0.007461
0.568000 0.006340
0.569000 0.005220
0.570000 0.004102
0.571000 0.002985
0.572000 0.001869
0.573000 0.000754
0.574000 -0.000359
0.575000 -0.001471
0.576000 -0.002581
0.577000 -0.003691
0.578000 -0.004798
0.579000 -0.005905
0.580000 -0.007010
0.581000 -0.008114
0.582000 -0.009216
0.583000 -0.010317
0.584000 -0.011417
0.585000 -0.012515
0.586000 -0.013611
0.587000 -0.014707
0.588000 -0.015800
0.589000 -0.016893
0.590000 -0.017983
0.591000 -0.019073
0.592000 -0.020161
0.593000 -0.021247
0.594000 -0.022332
0.595000 -0.023415
0.596000 -0.024497
0.597000 -0.025578
0.598000 -0.026656
0.599000 -0.027734
0.600000 -0.028809
0.601000 -0.029884
0.602000 -0.030956
0.603000 -0.032027
0.604000 -0.033097
0.605000 -0.034164
0.606000 -0.035231
0.607000 -0.036295
0.608000 -0.037358
0.609000 -0.038420
0.610000 -0.039479
0.611000 -0.040537
0.612000 -0.041594
0.613000 -0.042648
0.614000 -0.043701
0.615000 -0.044753
0.616000 -0.045803
0.617000 -0.046850
0.618000 -0.047897
0.619000 -0.048941
0.620000 -0.049984
0.621000 -0.051025
0.622000 -0.052065
0.623000 -0.053102
0.624000 -0.054138
0.625000 -0.055172
0.626000 -0.056205
0.627000 -0.057235
0.628000 -0.058264
0.629000 -0.059291
0.630000 -0.060316
0.631000 -0.061339
0.632000 -0.062361
0.633000 -0.063381
0.634000 -0.064399
0.635000 -0.065415
0.636000 -0.066429
0.637000 -0.067441
0.638000 -0.068452
0.639000 -0.069460
0.640000 -0.070467
0.641000 -0.071472
0.642000 -0.072475
0.643000 -0.073476
0.644000 -0.074475
0.645000 -0.075472
0.646000 -0.076467
0.647000 -0.077460
0.648000 -0.078452
0.649000 -0.079441
0.650000 -0.080429
0.651000 -0.081414
0.652000 -0.082398
0.653000 -0.083379
0.654000 -0.084359
0.655000 -0.085337
0.656000 -0.086312
0.657000 -0.087286
0.658000 -0.088257
0.659000 -0.089227
0.660000 -0.090194
0.661000 -0.091160
0.662000 -0.092123
0.663000 -0.093085
0.664000 -0.094044
0.665000 -0.095001
0.666000 -0.095956
0.667000 -0.096910
0.668000 -0.097861
0.669000 -0.098810
0.670000 -0.099756
0.671000 -0.100701
0.672000 -0.101644
0.673000 -0.102584
0.674000 -0.103523
0.675000 -0.104459
0.676000 -0.105393
0.677000 -0.106325
0.678000 -0.107255
0.679000 -0.108183
0.680000 -0.109108
0.681000 -0.110031
0.682000 -0.110953
0.683000 -0.111872
0.684000 -0.112788
0.685000 -0.113703
0.686000 -0.114615
0.687000 -0.115525
0.688000 -0.116433
0.689000 -0.117339
0.690000 -0.118243
0.691000 -0.119144
0.692000 -0.120043
0.693000 -0.120940
0.694000 -0.121834
0.695000 -0.122727
0.696000 -0.123617
0.697000 -0.124504
0.698000 -0.125390
0.699000 -0.126273
0.700000 -0.127154
0.701000 -0.128032
0.702000 -0.128909
0.703000 -0.129783
0.704000 -0.130654
0.705000 -0.131524
0.706000 -0.132391
0.707000 -0.133256
0.708000 -0.134118
0.709000 -0.134978
0.710000 -0.135836
0.711000 -0.136691
0.712000 -0.137544
0.713000 -0.138395
0.714000 -0.139243
0.715000 -0.140089
0.716000 -0.140932
0.717000 -0.141773
0.718000 -0.142612
0.719000 -0.143448
0.720000 -0.144282
0.721000 -0.145114
0.722000 -0.145943
0.723000 -0.146770
0.724000 -0.147594
0.725000 -0.148416
0.726000 -0.149235
0.727000 -0.150052
0.728000 -0.150867
0.729000 -0.151679
0.730000 -0.152488
0.731000 -0.153295
0.732000 -0.154100
0.733000 -0.154902
0.734000 -0.155702
0.735000 -0.156499
0.736000 -0.157294
0.737000 -0.158086
0.738000 -0.158876
0.739000 -0.159664
0.740000 -0.160448
0.741000 -0.161231
0.742000 -0.162011
0.743000 -0.162788
0.744000 -0.163563
0.745000 -0.164335
0.746000 -0.165105
0.747000 -0.165872
0.748000 -0.166636
0.749000 -0.167398
0.750000 -0.168158
0.751000 -0.168915
0.752000 -0.169669
0.753000 -0.170421
0.754000 -0.171171
0.755000 -0.171917
0.756000 -0.172661
0.757000 -0.173403
0.758000 -0.174142
0.759000 -0.174879
0.760000 -0.175612
0.761000 -0.176344
0.762000 -0.177072
0.763000 -0.177798
0.764000 -0.178522
0.765000 -0.179243
0.766000 -0.179961
0.767000 -0.180676
0.768000 -0.181389
0.769000 -0.182100
0.770000 -0.182807
0.771000 -0.183512
0.772000 -0.184215
0.773000 -0.184915
0.774000 -0.185612
0.775000 -0.186306
0.776000 -0.186998
0.777000 -0.187687
0.778000 -0.188374
0.779000 -0.189058
0.780000 -0.189739
0.781000 -0.190417
0.782000 -0.191093
0.783000 -0.191767
0.784000 -0.192437
0.785000 -0.193105
0.786000 -0.193770
0.787000 -0.194432
0.788000 -0.195092
0.789000 -0.195749
0.790000 -0.196404
0.791000 -0.197055
0.792000 -0.197704
0.793000 -0.198350
0.794000 -0.198994
0.795000 -0.199635
0.796000 -0.200273
0.797000 -0.200908
0.798000 -0.201541
0.799000 -0.202171
0.800000 -0.202798
0.801000 -0.203422
0.802000 -0.204044
0.803000 -0.204663
0.804000 -0.205279
0.805000 -0.205893
0.806000 -0.206503
0.807000 -0.207111
0.808000 -0.207717
0.809000 -0.208319
0.810000 -0.208919
0.811000 -0.209516
0.812000 -0.210110
0.813000 -0.210701
0.814000 -0.211290
0.815000 -0.211876
0.816000 -0.212459
0.817000 -0.213039
0.818000 -0.213617
0.819000 -0.214192
0.820000 -0.214764
0.821000 -0.215333
0.822000 -0.215899
0.823000 -0.216463
0.824000 -0.217024
0.825000 -0.217582
0.826000 -0.218137
0.827000 -0.218689
0.828000 -0.219239
0.829000 -0.219786
0.830000 -0.220330
0.831000 -0.220871
0.832000 -0.221410
0.833000 -0.221945
0.834000 -0.222478
0.835000 -0.223008
0.836000 -0.223535
0.837000 -0.224060
0.838000 -0.224581
0.839000 -0.225100
0.840000 -0.225616
0.841000 -0.226129
0.842000 -0.226639
0.843000 -0.227146
0.844000 -0.227651
0.845000 -0.228153
0.846000 -0.228652
0.847000 -0.229148
0.848000 -0.229641
0.849000 -0.230131
0.850000 -0.230619
0.851000 -0.231104
0.852000 -0.231585
0.853000 -0.232064
0.854000 -0.232541
0.855000 -0.233014
0.856000 -0.233485
0.857000 -0.233952
0.858000 -0.234417
0.859000 -0.234879
0.860000 -0.235338
0.861000 -0.235794
0.862000 -0.236248
0.863000 -0.236698
0.864000 -0.237146
0.865000 -0.237591
0.866000 -0.238033
0.867000 -0.238472
0.868000 -0.238908
0.869000 -0.239341
0.870000 -0.239772
0.871000 -0.240200
0.872000 -0.240624
0.873000 -0.241046
0.874000 -0.241465
0.875000 -0.241882
0.876000 -0.242295
0.877000 -0.242705
0.878000 -0.243113
0.879000 -0.243518
0.880000 -0.243920
0.881000 -0.244319
0.882000 -0.244715
0.883000 -0.245108
0.884000 -0.245498
0.885000 -0.245886
0.886000 -0.246271
0.887000 -0.246652
0.888000 -0.247031
0.889000 -0.247407
0.890000 -0.247781
0.891000 -0.248151
0.892000 -0.248518
0.893000 -0.248883
0.894000 -0.249245
0.895000 -0.249603
0.896000 -0.249959
0.897000 -0.250312
0.898000 -0.250662
0.899000 -0.251010
0.900000 -0.251354
0.901000 -0.251696
0.902000 -0.252034
0.903000 -0.252370
0.904000 -0.252703
0.905000 -0.253033
0.906000 -0.253361
0.907000 -0.253685
0.908000 -0.254006
0.909000 -0.254325
0.910000 -0.254641
0.911000 -0.254953
0.912000 -0.255263
0.913000 -0.255571
0.914000 -0.255875
0.915000 -0.256176
0.916000 -0.256475
0.917000 -0.256770
0.918000 -0.257063
0.919000 -0.257353
0.920000 -0.257640
0.921000 -0.257924
0.922000 -0.258205
0.923000 -0.258484
0.924000 -0.258759
0.925000 -0.259032
0.926000 -0.259302
0.927000 -0.259569
0.928000 -0.259833
0.929000 -0.260094
0.930000 -0.260353
0.931000 -0.260608
0.932000 -0.260861
0.933000 -0.261111
0.934000 -0.261357
0.935000 -0.261602
0.936000 -0.261843
0.937000 -0.262081
0.938000 -0.262317
0.939000 -0.262549
0.940000 -0.262779
0.941000 -0.263006
0.942000 -0.263230
0.943000 -0.263452
0.944000 -0.263670
0.945000 -0.263886
0.946000 -0.264099
0.947000 -0.264308
0.948000 -0.264516
0.949000 -0.264720
0.950000 -0.264921
0.951000 -0.265120
0.952000 -0.265316
0.953000 -0.265508
0.954000 -0.265698
0.955000 -0.265886
0.956000 -0.266070
0.957000 -0.266252
0.958000 -0.266430
0.959000 -0.266606
0.960000 -0.266780
0.961000 -0.266950
0.962000 -0.267117
0.963000 -0.267282
0.964000 -0.267444
0.965000 -0.267603
0.966000 -0.267759
0.967000 -0.267912
0.968000 -0.268063
0.969000 -0.268211
0.970000 -0.268356
0.971000 -0.268498
0.972000 -0.268637
0.973000 -0.268774
0.974000 -0.268908
0.975000 -0.269039
0.976000 -0.269167
0.977000 -0.269292
0.978000 -0.269415
0.979000 -0.269535
0.980000 -0.269652
0.981000 -0.269766
0.982000 -0.269878
0.983000 -0.269986
0.984000 -0.270092
0.985000 -0.270196
0.986000 -0.270296
0.987000 -0.270394
0.988000 -0.270488
0.989000 -0.270581
0.990000 -0.270670
0.991000 -0.270756
0.992000 -0.270840
0.993000 -0.270921
0.994000 -0.271000
0.995000 -0.271075
0.996000 -0.271148
0.997000 -0.271218
0.998000 -0.271285
0.999000 -0.271350
1.000000 -0.271412
1.001000 -0.271471
1.002000 -0.271527
1.003000 -0.271581
1.004000 -0.271632
1.005000 -0.271680
1.006000 -0.271726
1.007000 -0.271769
1.008000 -0.271809
1.009000 -0.271846
1.010000 -0.271881
1.011000 -0.271913
1.012000 -0.271942
1.013000 -0.271968
1.014000 -0.271992
1.015000 -0.272013
1.016000 -0.272032
1.017000 -0.272048
1.018000 -0.272061
1.019000 -0.272071
1.020000 -0.272079
1.021000 -0.272084
1.022000 -0.272086
1.023000 -0.272086
1.024000 -0.272083
1.025000 -0.272077
1.026000 -0.272069
1.027000 -0.272058
1.028000 -0.272045
1.029000 -0.272028
1.030000 -0.272009
1.031000 -0.271988
1.032000 -0.271964
1.033000 -0.271937
1.034000 -0.271907
1.035000 -0.271875
1.036000 -0.271841
1.037000 -0.271803
1.038000 -0.271763
1.039000 -0.271721
1.040000 -0.271676
1.041000 -0.271628
1.042000 -0.271578
1.043000 -0.271525
1.044000 -0.271469
1.045000 -0.271411
1.046000 -0.271350
1.047000 -0.271287
1.048000 -0.271221
1.049000 -0.271152
1.050000 -0.271081
1.051000 -0.271008
1.052000 -0.270931
1.053000 -0.270853
1.054000 -0.270771
1.055000 -0.270687
1.056000 -0.270601
1.057000 -0.270512
1.058000 -0.270420
1.059000 -0.270326
1.060000 -0.270230
1.061000 -0.270130
1.062000 -0.270029
1.063000 -0.269924
1.064000 -0.269818
1.065000 -0.269708
1.066000 -0.269597
1.067000 -0.269482
1.068000 -0.269366
1.069000 -0.269246
1.070000 -0.269125
1.071000 -0.269000
1.072000 -0.268873
1.073000 -0.268744
1.074000 -0.268613
1.075000 -0.268478
1.076000 -0.268342
1.077000 -0.268202
1.078000 -0.268061
1.079000 -0.267917
1.080000 -0.267770
1.081000 -0.267621
1.082000 -0.267470
1.083000 -0.267316
1.084000 -0.267160
1.085000 -0.267001
1.086000 -0.266840
1.087000 -0.266676
1.088000 -0.266510
1.089000 -0.266342
1.090000 -0.266171
1.091000 -0.265998
1.092000 -0.265822
1.093000 -0.265644
1.094000 -0.265464
1.095000 -0.265281
1.096000 -0.265096
1.097000 -0.264908
1.098000 -0.264718
1.099000 -0.264526
1.100000 -0.264331
1.101000 -0.264134
1.102000 -0.263935
1.103000 -0.263733
1.104000 -0.263529
1.105000 -0.263323
1.106000 -0.263114
1.107000 -0.262903
1.108000 -0.262690
1.109000 -0.262474
1.110000 -0.262256
1.111000 -0.262035
1.112000 -0.261813
1.113000 -0.261588
1.114000 -0.261361
1.115000 -0.261131
1.116000 -0.260899
1.117000 -0.260665
1.118000 -0.260429
1.119000 -0.260190
1.120000 -0.259949
1.121000 -0.259706
1.122000 -0.259461
1.123000 -0.259213
1.124000 -0.258963
1.125000 -0.258711
1.126000 -0.258456
1.127000 -0.258200
1.128000 -0.257941
1.129000 -0.257680
1.130000 -0.257417
1.131000 -0.257151
1.132000 -0.256883
1.133000 -0.256613
1.134000 -0.256341
1.135000 -0.256067
1.136000 -0.255791
1.137000 -0.255512
1.138000 -0.255231
1.139000 -0.254948
1.140000 -0.254663
1.141000 -0.254376
1.142000 -0.254086
1.143000 -0.253795
1.144000 -0.253501
1.145000 -0.253205
1.146000 -0.252907
1.147000 -0.252607
1.148000 -0.252305
1.149000 -0.252000
1.150000 -0.251694
1.151000 -0.251385
1.152000 -0.251075
1.153000 -0.250762
1.154000 -0.250447
1.155000 -0.250130
1.156000 -0.249811
1.157000 -0.249490
1.158000 -0.249167
1.159000 -0.248842
1.160000 -0.248514
1.161000 -0.248185
1.162000 -0.247854
1.163000 -0.247520
1.164000 -0.247185
1.165000 -0.246848
1.166000 -0.246508
1.167000 -0.246167
1.168000 -0.245823
1.169000 -0.245478
1.170000 -0.245130
1.171000 -0.244781
1.172000 -0.244430
1.173000 -0.244076
1.174000 -0.243721
1.175000 -0.243363
1.176000 -0.243004
1.177000 -0.242643
1.178000 -0.242280
1.179000 -0.241915
1.180000 -0.241548
1.181000 -0.241179
1.182000 -0.240808
1.183000 -0.240435
1.184000 -0.240060
1.185000 -0.239683
1.186000 -0.239305
1.187000 -0.238924
1.188000 -0.238542
1.189000 -0.238158
1.190000 -0.237772
1.191000 -0.237384
1.192000 -0.236994
1.193000 -0.236602
1.194000 -0.236209
1.195000 -0.235813
1.196000 -0.235416
1.197000 -0.235017
1.198000 -0.234616
1.199000 -0.234213
1.200000 -0.233809
1.201000 -0.233402
1.202000 -0.232994
1.203000 -0.232584
1.204000 -0.232173
1.205000 -0.231759
1.206000 -0.231344
1.207000 -0.230927
1.208000 -0.230508
1.209000 -0.230087
1.210000 -0.229665
1.211000 -0.229241
1.212000 -0.228815
1.213000 -0.228387
1.214000 -0.227958
1.215000 -0.227527
1.216000 -0.227094
1.217000 -0.226660
1.218000 -0.226224
1.219000 -0.225786
1.220000 -0.225346
1.221000 -0.224905
1.222000 -0.224462
1.223000 -0.224018
1.224000 -0.223571
1.225000 -0.223123
1.226000 -0.222674
1.227000 -0.222223
1.228000 -0.221770
1.229000 -0.221315
1.230000 -0.220859
1.231000 -0.220401
1.232000 -0.219942
1.233000 -0.219481
1.234000 -0.219018
1.235000 -0.218554
1.236000 -0.218089
1.237000 -0.217621
1.238000 -0.217152
1.239000 -0.216682
1.240000 -0.216210
1.241000 -0.215736
1.242000 -0.215261
1.243000 -0.214784
1.244000 -0.214306
1.245000 -0.213826
1.246000 -0.213345
1.247000 -0.212862
1.248000 -0.212378
1.249000 -0.211892
1.250000 -0.211405
1.251000 -0.210916
1.252000 -0.210426
1.253000 -0.209934
1.254000 -0.209441
1.255000 -0.208946
1.256000 -0.208450
1.257000 -0.207952
1.258000 -0.207453
1.259000 -0.206952
1.260000 -0.206451
1.261000 -0.205947
1.262000 -0.205442
1.263000 -0.204936
1.264000 -0.204429
1.265000 -0.203920
1.266000 -0.203409
1.267000 -0.202897
1.268000 -0.202384
1.269000 -0.201870
1.270000 -0.201354
1.271000 -0.200836
1.272000 -0.200318
1.273000 -0.199798
1.274000 -0.199277
1.275000 -0.198754
1.276000 -0.198230
1.277000 -0.197705
1.278000 -0.197178
1.279000 -0.196650
1.280000 -0.196121
1.281000 -0.195591
1.282000 -0.195059
1.283000 -0.194526
1.284000 -0.193991
1.285000 -0.193456
1.286000 -0.192919
1.287000 -0.192381
1.288000 -0.191842
1.289000 -0.191301
1.290000 -0.190759
1.291000 -0.190216
1.292000 -0.189672
1.293000 -0.189126
1.294000 -0.188580
1.295000 -0.188032
1.296000 -0.187483
1.297000 -0.186933
1.298000 -0.186381
1.299000 -0.185829
1.300000 -0.185275
1.301000 -0.184720
1.302000 -0.184164
1.303000 -0.183607
1.304000 -0.183048
1.305000 -0.182489
1.306000 -0.181928
1.307000 -0.181366
1.308000 -0.180804
1.309000 -0.180240
1.310000 -0.179675
1.311000 -0.179109
1.312000 -0.178541
1.313000 -0.177973
1.314000 -0.177404
1.315000 -0.176833
1.316000 -0.176262
1.317000 -0.175690
1.318000 -0.175116
1.319000 -0.174541
1.320000 -0.173966
1.321000 -0.173389
1.322000 -0.172812
1.323000 -0.172233
1.324000 -0.171653
1.325000 -0.171073
1.326000 -0.170491
1.327000 -0.169909
1.328000 -0.169325
1.329000 -0.168741
1.330000 -0.168155
1.331000 -0.167569
1.332000 -0.166981
1.333000 -0.166393
1.334000 -0.165804
1.335000 -0.165214
1.336000 -0.164622
1.337000 -0.164030
1.338000 -0.163438
1.339000 -0.162844
1.340000 -0.162249
1.341000 -0.161654
1.342000 -0.161057
1.343000 -0.160460
1.344000 -0.159862
1.345000 -0.159263
1.346000 -0.158663
1.347000 -0.158062
1.348000 -0.157461
1.349000 -0.156858
1.350000 -0.156255
1.351000 -0.155651
1.352000 -0.155046
1.353000 -0.154441
1.354000 -0.153834
1.355000 -0.153227
1.356000 -0.152619
1.357000 -0.152010
1.358000 -0.151401
1.359000 -0.150790
1.360000 -0.150179
1.361000 -0.149568
1.362000 -0.148955
1.363000 -0.148342
1.364000 -0.147728
1.365000 -0.147113
1.366000 -0.146498
1.367000 -0.145882
1.368000 -0.145265
1.369000 -0.144648
1.370000 -0.144029
1.371000 -0.143411
1.372000 -0.142791
1.373000 -0.142171
1.374000 -0.141550
1.375000 -0.140929
1.376000 -0.140307
1.377000 -0.139684
1.378000 -0.139061
1.379000 -0.138437
1.380000 -0.137812
1.381000 -0.137187
1.382000 -0.136561
1.383000 -0.135935
1.384000 -0.135308
1.385000 -0.134680
1.386000 -0.134052
1.387000 -0.133423
1.388000 -0.132794
1.389000 -0.132164
1.390000 -0.131534
1.391000 -0.130903
1.392000 -0.130271
1.393000 -0.129639
1.394000 -0.129007
1.395000 -0.128374
1.396000 -0.127740
1.397000 -0.127106
1.398000 -0.126472
1.399000 -0.125837
1.400000 -0.125202
1.401000 -0.124566
1.402000 -0.123929
1.403000 -0.123292
1.404000 -0.122655
1.405000 -0.122017
1.406000 -0.121379
1.407000 -0.120741
1.408000 -0.120102
1.409000 -0.119462
1.410000 -0.118822
1.411000 -0.118182
1.412000 -0.117541
1.413000 -0.116900
1.414000 -0.116259
1.415000 -0.115617
1.416000 -0.114975
1.417000 -0.114333
1.418000 -0.113690
1.419000 -0.113046
1.420000 -0.112403
1.421000 -0.111759
1.422000 -0.111115
1.423000 -0.110470
1.424000 -0.109825
1.425000 -0.109180
1.426000 -0.108535
1.427000 -0.107889
1.428000 -0.107243
1.429000 -0.106596
1.430000 -0.105950
1.431000 -0.105303
1.432000 -0.104656
1.433000 -0.104008
1.434000 -0.103361
1.435000 -0.102713
1.436000 -0.102065
1.437000 -0.101416
1.438000 -0.100768
1.439000 -0.100119
1.440000 -0.099470
1.441000 -0.098821
1.442000 -0.098171
1.443000 -0.097522
1.444000 -0.096872
1.445000 -0.096222
1.446000 -0.095572
1.447000 -0.094921
1.448000 -0.094271
1.449000 -0.093620
1.450000 -0.092970
1.451000 -0.092319
1.452000 -0.091668
1.453000 -0.091017
1.454000 -0.090365
1.455000 -0.089714
1.456000 -0.089063
1.457000 -0.088411
1.458000 -0.087759
1.459000 -0.087108
1.460000 -0.086456
1.461000 -0.085804
1.462000 -0.085152
1.463000 -0.084500
1.464000 -0.083848
1.465000 -0.083196
1.466000 -0.082544
1.467000 -0.081892
1.468000 -0.081239
1.469000 -0.080587
1.470000 -0.079935
1.471000 -0.079283
1.472000 -0.078630
1.473000 -0.077978
1.474000 -0.077326
1.475000 -0.076674
1.476000 -0.076022
1.477000 -0.075369
1.478000 -0.074717
1.479000 -0.074065
1.480000 -0.073413
1.481000 -0.072761
1.482000 -0.072109
1.483000 -0.071457
1.484000 -0.070806
1.485000 -0.070154
1.486000 -0.069502
1.487000 -0.068851
1.488000 -0.068200
1.489000 -0.067548
1.490000 -0.066897
1.491000 -0.066246
1.492000 -0.065595
1.493000 -0.064944
1.494000 -0.064294
1.495000 -0.063643
1.496000 -0.062993
1.497000 -0.062343
1.498000 -0.061693
1.499000 -0.061043
1.500000 -0.060393
1.501000 -0.059744
1.502000 -0.059094
1.503000 -0.058445
1.504000 -0.057796
1.505000 -0.057147
1.506000 -0.056499
1.507000 -0.055851
1.508000 -0.055202
1.509000 -0.054555
1.510000 -0.053907
1.511000 -0.053260
1.512000 -0.052613
1.513000 -0.051966
1.514000 -0.051319
1.515000 -0.050673
1.516000 -0.050027
1.517000 -0.049381
1.518000 -0.048735
1.519000 -0.048090
1.520000 -0.047445
1.521000 -0.046801
1.522000 -0.046156
1.523000 -0.045512
1.524000 -0.044869
1.525000 -0.044225
1.526000 -0.043582
1.527000 -0.042940
1.528000 -0.042297
1.529000 -0.041655
1.530000 -0.041014
1.531000 -0.040373
1.532000 -0.039732
1.533000 -0.039091
1.534000 -0.038451
1.535000 -0.037811
1.536000 -0.037172
1.537000 -0.036533
1.538000 -0.035894
1.539000 -0.035256
1.540000 -0.034618
1.541000 -0.033981
1.542000 -0.033344
1.543000 -0.032708
1.544000 -0.032072
1.545000 -0.031436
1.546000 -0.030801
1.547000 -0.030166
1.548000 -0.029532
1.549000 -0.028898
1.550000 -0.028265
1.551000 -0.027632
1.552000 -0.027000
1.553000 -0.026368
1.554000 -0.025737
1.555000 -0.025106
1.556000 -0.024476
1.557000 -0.023846
1.558000 -0.023217
1.559000 -0.022588
1.560000 -0.021959
1.561000 -0.021332
1.562000 -0.020705
1.563000 -0.020078
1.564000 -0.019452
1.565000 -0.018826
1.566000 -0.018201
1.567000 -0.017577
1.568000 -0.016953
1.569000 -0.016330
1.570000 -0.015707
1.571000 -0.015085
1.572000 -0.014463
1.573000 -0.013842
1.574000 -0.013222
1.575000 -0.012602
1.576000 -0.011983
1.577000 -0.011365
1.578000 -0.010747
1.579000 -0.010130
1.580000 -0.009513
1.581000 -0.008897
1.582000 -0.008282
1.583000 -0.007667
1.584000 -0.007053
1.585000 -0.006440
1.586000 -0.005827
1.587000 -0.005215
1.588000 -0.004604
1.589000 -0.003994
1.590000 -0.003384
1.591000 -0.002774
1.592000 -0.002166
1.593000 -0.001558
1.594000 -0.000951
1.595000 -0.000344
1.596000 0.000261
1.597000 0.000866
1.598000 0.001471
1.599000 0.002074
1.600000 0.002677
1.601000 0.003279
1.602000 0.003880
1.603000 0.004481
1.604000 0.005080
1.605000 0.005679
1.606000 0.006278
1.607000 0.006875
1.608000 0.007472
1.609000 0.008068
1.610000 0.008663
1.611000 0.009257
1.612000 0.009851
1.613000 0.010443
1.614000 0.011035
1.615000 0.011626
1.616000 0.012217
1.617000 0.012806
1.618000 0.013395
1.619000 0.013983
1.620000 0.014570
1.621000 0.015156
1.622000 0.015741
1.623000 0.016325
1.624000 0.016909
1.625000 0.017492
1.626000 0.018074
1.627000 0.018655
1.628000 0.019235
1.629000 0.019814
1.630000 0.020392
1.631000 0.020970
1.632000 0.021546
1.633000 0.022122
1.634000 0.022697
1.635000 0.023271
1.636000 0.023844
1.637000 0.024416
1.638000 0.024987
1.639000 0.025557
1.640000 0.026126
1.641000 0.026694
1.642000 0.027262
1.643000 0.027828
1.644000 0.028394
1.645000 0.028958
1.646000 0.029522
1.647000 0.030084
1.648000 0.030646
1.649000 0.031207
1.650000 0.031767
1.651000 0.032325
1.652000 0.032883
1.653000 0.033440
1.654000 0.033996
1.655000 0.034550
1.656000 0.035104
1.657000 0.035657
1.658000 0.036209
1.659000 0.036760
1.660000 0.037309
1.661000 0.037858
1.662000 0.038406
1.663000 0.038952
1.664000 0.039498
1.665000 0.040043
1.666000 0.040586
1.667000 0.041129
1.668000 0.041670
1.669000 0.042211
1.670000 0.042750
1.671000 0.043288
1.672000 0.043826
1.673000 0.044362
1.674000 0.044897
1.675000 0.045431
1.676000 0.045964
1.677000 0.046496
1.678000 0.047026
1.679000 0.047556
1.680000 0.048085
1.681000 0.048612
1.682000 0.049139
1.683000 0.049664
1.684000 0.050188
1.685000 0.050711
1.686000 0.051233
1.687000 0.051754
1.688000 0.052273
1.689000 0.052792
1.690000 0.053309
1.691000 0.053826
1.692000 0.054341
1.693000 0.054855
1.694000 0.055368
1.695000 0.055879
1.696000 0.056390
1.697000 0.056899
1.698000 0.057407
1.699000 0.057914
1.700000 0.058420
1.701000 0.058925
1.702000 0.059428
1.703000 0.059931
1.704000 0.060432
1.705000 0.060932
1.706000 0.061431
1.707000 0.061928
1.708000 0.062424
1.709000 0.062920
1.710000 0.063414
1.711000 0.063906
1.712000 0.064398
1.713000 0.064888
1.714000 0.065377
1.715000 0.065865
1.716000 0.066352
1.717000 0.066837
1.718000 0.067321
1.719000 0.067804
1.720000 0.068286
1.721000 0.068767
1.722000 0.069246
1.723000 0.069724
1.724000 0.070200
1.725000 0.070676
1.726000 0.071150
1.727000 0.071623
1.728000 0.072095
1.729000 0.072565
1.730000 0.073034
1.731000 0.073502
1.732000 0.073969
1.733000 0.074434
1.734000 0.074898
1.735000 0.075361
1.736000 0.075822
1.737000 0.076282
1.738000 0.076741
1.739000 0.077199
1.740000 0.077655
1.741000 0.078110
1.742000 0.078564
1.743000 0.079016
1.744000 0.079467
1.745000 0.079917
1.746000 0.080365
1.747000 0.080812
1.748000 0.081258
1.749000 0.081702
1.750000 0.082146
1.751000 0.082587
1.752000 0.083028
1.753000 0.083467
1.754000 0.083905
1.755000 0.084341
1.756000 0.084776
1.757000 0.085210
1.758000 0.085642
1.759000 0.086073
1.760000 0.086503
1.761000 0.086931
1.762000 0.087358
1.763000 0.087784
1.764000 0.088208
1.765000 0.088631
1.766000 0.089052
1.767000 0.089472
1.768000 0.089891
1.769000 0.090308
1.770000 0.090724
1.771000 0.091139
1.772000 0.091552
1.773000 0.091964
1.774000 0.092374
1.775000 0.092783
1.776000 0.093191
1.777000 0.093597
1.778000 0.094002
1.779000 0.094405
1.780000 0.094807
1.781000 0.095208
1.782000 0.095607
1.783000 0.096005
1.784000 0.096401
1.785000 0.096796
1.786000 0.097189
1.787000 0.097581
1.788000 0.097972
1.789000 0.098361
1.790000 0.098749
1.791000 0.099136
1.792000 0.099521
1.793000 0.099904
1.794000 0.100286
1.795000 0.100667
1.796000 0.101046
1.797000 0.101424
1.798000 0.101800
1.799000 0.102175
1.800000 0.102548
1.801000 0.102920
1.802000 0.103291
1.803000 0.103660
1.804000 0.104028
1.805000 0.104394
1.806000 0.104759
1.807000 0.105122
1.808000 0.105484
1.809000 0.105844
1.810000 0.106203
1.811000 0.106560
1.812000 0.106916
1.813000 0.107271
1.814000 0.107624
1.815000 0.107975
1.816000 0.108325
1.817000 0.108674
1.818000 0.109021
1.819000 0.109366
1.820000 0.109710
1.821000 0.110053
1.822000 0.110394
1.823000 0.110734
1.824000 0.111072
1.825000 0.111409
1.826000 0.111744
1.827000 0.112077
1.828000 0.112410
1.829000 0.112740
1.830000 0.113069
1.831000 0.113397
1.832000 0.113723
1.833000 0.114048
1.834000 0.114371
1.835000 0.114693
1.836000 0.115013
1.837000 0.115332
1.838000 0.115649
1.839000 0.115964
1.840000 0.116279
1.841000 0.116591
1.842000 0.116902
1.843000 0.117212
1.844000 0.117520
1.845000 0.117826
1.846000 0.118131
1.847000 0.118435
1.848000 0.118737
1.849000 0.119037
1.850000 0.119336
1.851000 0.119634
1.852000 0.119930
1.853000 0.120224
1.854000 0.120517
1.855000 0.120808
1.856000 0.121098
1.857000 0.121386
1.858000 0.121673
1.859000 0.121958
1.860000 0.122242
1.861000 0.122524
1.862000 0.122804
1.863000 0.123083
1.864000 0.123361
1.865000 0.123637
1.866000 0.123911
1.867000 0.124184
1.868000 0.124455
1.869000 0.124725
1.870000 0.124993
1.871000 0.125260
1.872000 0.125525
1.873000 0.125789
1.874000 0.126051
1.875000 0.126311
1.876000 0.126570
1.877000 0.126828
1.878000 0.127084
1.879000 0.127338
1.880000 0.127591
1.881000 0.127842
1.882000 0.128092
1.883000 0.128340
1.884000 0.128586
1.885000 0.128831
1.886000 0.129075
1.887000 0.129317
1.888000 0.129557
1.889000 0.129796
1.890000 0.130033
1.891000 0.130269
1.892000 0.130503
1.893000 0.130735
1.894000 0.130966
1.895000 0.131196
1.896000 0.131424
1.897000 0.131650
1.898000 0.131875
1.899000 0.132098
1.900000 0.132319
1.901000 0.132540
1.902000 0.132758
1.903000 0.132975
1.904000 0.133190
1.905000 0.133404
1.906000 0.133617
1.907000 0.133827
1.908000 0.134036
1.909000 0.134244
1.910000 0.134450
1.911000 0.134654
1.912000 0.134857
1.913000 0.135059
1.914000 0.135258
1.915000 0.135457
1.916000 0.135653
1.917000 0.135848
1.918000 0.136042
1.919000 0.136234
1.920000 0.136424
1.921000 0.136613
1.922000 0.136800
1.923000 0.136986
1.924000 0.137170
1.925000 0.137353
1.926000 0.137534
1.927000 0.137713
1.928000 0.137891
1.929000 0.138067
1.930000 0.138242
1.931000 0.138415
1.932000 0.138587
1.933000 0.138757
1.934000 0.138926
1.935000 0.139092
1.936000 0.139258
1.937000 0.139422
1.938000 0.139584
1.939000 0.139745
1.940000 0.139904
1.941000 0.140061
1.942000 0.140217
1.943000 0.140372
1.944000 0.140525
1.945000 0.140676
1.946000 0.140826
1.947000 0.140974
1.948000 0.141121
1.949000 0.141266
1.950000 0.141409
1.951000 0.141551
1.952000 0.141692
1.953000 0.141831
1.954000 0.141968
1.955000 0.142104
1.956000 0.142238
1.957000 0.142371
1.958000 0.142502
1.959000 0.142631
1.960000 0.142759
1.961000 0.142886
1.962000 0.143011
1.963000 0.143134
1.964000 0.143256
1.965000 0.143376
1.966000 0.143495
1.967000 0.143612
1.968000 0.143728
1.969000 0.143842
1.970000 0.143954
1.971000 0.144065
1.972000 0.144175
1.973000 0.144282
1.974000 0.144389
1.975000 0.144494
1.976000 0.144597
1.977000 0.144699
1.978000 0.144799
1.979000 0.144897
1.980000 0.144995
1.981000 0.145090
1.982000 0.145184
1.983000 0.145277
1.984000 0.145368
1.985000 0.145457
1.986000 0.145545
1.987000 0.145631
1.988000 0.145716
1.989000 0.145800
1.990000 0.145881
1.991000 0.145962
1.992000 0.146040
1.993000 0.146118
1.994000 0.146193
1.995000 0.146267
1.996000 0.146340
1.997000 0.146411
1.998000 0.146481
1.999000 0.146549
2.000000 0.146615
2.001000 0.146680
2.002000 0.146744
2.003000 0.146806
2.004000 0.146866
2.005000 0.146925
2.006000 0.146983
2.007000 0.147039
2.008000 0.147093
2.009000 0.147146
2.010000 0.147198
2.011000 0.147248
2.012000 0.147296
2.013000 0.147343
2.014000 0.147389
2.015000 0.147433
2.016000 0.147475
2.017000 0.147516
2.018000 0.147555
2.019000 0.147593
2.020000 0.147630
2.021000 0.147665
2.022000 0.147698
2.023000 0.147730
2.024000 0.147761
2.025000 0.147790
2.026000 0.147818
2.027000 0.147844
2.028000 0.147868
2.029000 0.147891
2.030000 0.147913
2.031000 0.147933
2.032000 0.147952
2.033000 0.147969
2.034000 0.147985
2.035000 0.147999
2.036000 0.148012
2.037000 0.148023
2.038000 0.148033
2.039000 0.148042
2.040000 0.148049
2.041000 0.148054
2.042000 0.148058
2.043000 0.148061
2.044000 0.148062
2.045000 0.148061
2.046000 0.148060
2.047000 0.148057
2.048000 0.148052
2.049000 0.148046
2.050000 0.148038
2.051000 0.148029
2.052000 0.148019
2.053000 0.148007
2.054000 0.147994
2.055000 0.147979
2.056000 0.147963
2.057000 0.147945
2.058000 0.147926
2.059000 0.147906
2.060000 0.147884
2.061000 0.147860
2.062000 0.147836
2.063000 0.147809
2.064000 0.147782
2.065000 0.147753
2.066000 0.147723
2.067000 0.147691
2.068000 0.147658
2.069000 0.147623
2.070000 0.147587
2.071000 0.147549
2.072000 0.147511
2.073000 0.147470
2.074000 0.147429
2.075000 0.147386
2.076000 0.147341
2.077000 0.147295
2.078000 0.147248
2.079000 0.147200
2.080000 0.147150
2.081000 0.147098
2.082000 0.147046
2.083000 0.146991
2.084000 0.146936
2.085000 0.146879
2.086000 0.146821
2.087000 0.146761
2.088000 0.146700
2.089000 0.146638
2.090000 0.146574
2.091000 0.146509
2.092000 0.146443
2.093000 0.146375
2.094000 0.146306
2.095000 0.146235
2.096000 0.146164
2.097000 0.146090
2.098000 0.146016
2.099000 0.145940
2.100000 0.145863
2.101000 0.145784
2.102000 0.145704
2.103000 0.145623
2.104000 0.145541
2.105000 0.145457
2.106000 0.145372
2.107000 0.145285
2.108000 0.145197
2.109000 0.145108
2.110000 0.145018
2.111000 0.144926
2.112000 0.144833
2.113000 0.144738
2.114000 0.144643
2.115000 0.144546
2.116000 0.144447
2.117000 0.144348
2.118000 0.144247
2.119000 0.144145
2.120000 0.144041
2.121000 0.143936
2.122000 0.143830
2.123000 0.143723
2.124000 0.143614
2.125000 0.143504
2.126000 0.143393
2.127000 0.143281
2.128000 0.143167
2.129000 0.143052
2.130000 0.142936
2.131000 0.142818
2.132000 0.142699
2.133000 0.142579
2.134000 0.142458
2.135000 0.142335
2.136000 0.142212
2.137000 0.142087
2.138000 0.141960
2.139000 0.141833
2.140000 0.141704
2.141000 0.141574
2.142000 0.141443
2.143000 0.141310
2.144000 0.141177
2.145000 0.141042
2.146000 0.140906
2.147000 0.140768
2.148000 0.140630
2.149000 0.140490
2.150000 0.140349
2.151000 0.140207
2.152000 0.140063
2.153000 0.139919
2.154000 0.139773
2.155000 0.139626
2.156000 0.139478
2.157000 0.139328
2.158000 0.139178
2.159000 0.139026
2.160000 0.138873
2.161000 0.138719
2.162000 0.138564
2.163000 0.138407
2.164000 0.138249
2.165000 0.138091
2.166000 0.137931
2.167000 0.137769
2.168000 0.137607
2.169000 0.137444
2.170000 0.137279
2.171000 0.137113
2.172000 0.136947
2.173000 0.136778
2.174000 0.136609
2.175000 0.136439
2.176000 0.136268
2.177000 0.136095
2.178000 0.135921
2.179000 0.135746
2.180000 0.135570
2.181000 0.135393
2.182000 0.135215
2.183000 0.135036
2.184000 0.134855
2.185000 0.134674
2.186000 0.134491
2.187000 0.134308
2.188000 0.134123
2.189000 0.133937
2.190000 0.133750
2.191000 0.133562
2.192000 0.133372
2.193000 0.133182
2.194000 0.132991
2.195000 0.132798
2.196000 0.132605
2.197000 0.132410
2.198000 0.132215
2.199000 0.132018
2.200000 0.131820
2.201000 0.131622
2.202000 0.131422
2.203000 0.131221
2.204000 0.131019
2.205000 0.130816
2.206000 0.130612
2.207000 0.130407
2.208000 0.130201
2.209000 0.129993
2.210000 0.129785
2.211000 0.129576
2.212000 0.129366
2.213000 0.129155
2.214000 0.128942
2.215000 0.128729
2.216000 0.128515
2.217000 0.128300
2.218000 0.128083
2.219000 0.127866
2.220000 0.127648
2.221000 0.127428
2.222000 0.127208
2.223000 0.126987
2.224000 0.126765
2.225000 0.126542
2.226000 0.126317
2.227000 0.126092
2.228000 0.125866
2.229000 0.125639
2.230000 0.125411
2.231000 0.125182
2.232000 0.124952
2.233000 0.124721
2.234000 0.124489
2.235000 0.124257
2.236000 0.124023
2.237000 0.123788
2.238000 0.123553
2.239000 0.123316
2.240000 0.123079
2.241000 0.122840
2.242000 0.122601
2.243000 0.122361
2.244000 0.122120
2.245000 0.121878
2.246000 0.121635
2.247000 0.121391
2.248000 0.121146
2.249000 0.120901
2.250000 0.120654
2.251000 0.120407
2.252000 0.120158
2.253000 0.119909
2.254000 0.119659
2.255000 0.119408
2.256000 0.119156
2.257000 0.118904
2.258000 0.118650
2.259000 0.118396
2.260000 0.118140
2.261000 0.117884
2.262000 0.117627
2.263000 0.117369
2.264000 0.117111
2.265000 0.116851
2.266000 0.116591
2.267000 0.116330
2.268000 0.116068
2.269000 0.115805
2.270000 0.115541
2.271000 0.115277
2.272000 0.115012
2.273000 0.114746
2.274000 0.114479
2.275000 0.114211
2.276000 0.113942
2.277000 0.113673
2.278000 0.113403
2.279000 0.113132
2.280000 0.112860
2.281000 0.112588
2.282000 0.112315
2.283000 0.112041
2.284000 0.111766
2.285000 0.111490
2.286000 0.111214
2.287000 0.110937
2.288000 0.110659
2.289000 0.110381
2.290000 0.110101
2.291000 0.109821
2.292000 0.109540
2.293000 0.109259
2.294000 0.108977
2.295000 0.108694
2.296000 0.108410
2.297000 0.108125
2.298000 0.107840
2.299000 0.107554
2.300000 0.107268
2.301000 0.106980
2.302000 0.106692
2.303000 0.106403
2.304000 0.106114
2.305000 0.105824
2.306000 0.105533
2.307000 0.105241
2.308000 0.104949
2.309000 0.104656
2.310000 0.104363
2.311000 0.104069
2.312000 0.103774
2.313000 0.103478
2.314000 0.103182
2.315000 0.102885
2.316000 0.102587
2.317000 0.102289
2.318000 0.101990
2.319000 0.101691
2.320000 0.101391
2.321000 0.101090
2.322000 0.100788
2.323000 0.100486
2.324000 0.100184
2.325000 0.099881
2.326000 0.099577
2.327000 0.099272
2.328000 0.098967
2.329000 0.098661
2.330000 0.098355
2.331000 0.098048
2.332000 0.097740
2.333000 0.097432
2.334000 0.097124
2.335000 0.096814
2.336000 0.096504
2.337000 0.096194
2.338000 0.095883
2.339000 0.095571
2.340000 0.095259
2.341000 0.094947
2.342000 0.094633
2.343000 0.094319
2.344000 0.094005
2.345000 0.093690
2.346000 0.093375
2.347000 0.093059
2.348000 0.092742
2.349000 0.092425
2.350000 0.092107
2.351000 0.091789
2.352000 0.091471
2.353000 0.091151
2.354000 0.090832
2.355000 0.090511
2.356000 0.090191
2.357000 0.089870
2.358000 0.089548
2.359000 0.089226
2.360000 0.088903
2.361000 0.088580
2.362000 0.088256
2.363000 0.087932
2.364000 0.087607
2.365000 0.087282
2.366000 0.086957
2.367000 0.086631
2.368000 0.086304
2.369000 0.085977
2.370000 0.085650
2.371000 0.085322
2.372000 0.084994
2.373000 0.084665
2.374000 0.084336
2.375000 0.084006
2.376000 0.083676
2.377000 0.083346
2.378000 0.083015
2.379000 0.082684
2.380000 0.082352
2.381000 0.082020
2.382000 0.081687
2.383000 0.081354
2.384000 0.081021
2.385000 0.080687
2.386000 0.080353
2.387000 0.080019
2.388000 0.079684
2.389000 0.079348
2.390000 0.079013
2.391000 0.078677
2.392000 0.078340
2.393000 0.078003
2.394000 0.077666
2.395000 0.077329
2.396000 0.076991
2.397000 0.076653
2.398000 0.076314
2.399000 0.075975
2.400000 0.075636
2.401000 0.075296
2.402000 0.074956
2.403000 0.074616
2.404000 0.074276
2.405000 0.073935
2.406000 0.073593
2.407000 0.073252
2.408000 0.072910
2.409000 0.072568
2.410000 0.072225
2.411000 0.071883
2.412000 0.071540
2.413000 0.071196
2.414000 0.070853
2.415000 0.070509
2.416000 0.070164
2.417000 0.069820
2.418000 0.069475
2.419000 0.069130
2.420000 0.068785
2.421000 0.068439
2.422000 0.068094
2.423000 0.067747
2.424000 0.067401
2.425000 0.067055
2.426000 0.066708
2.427000 0.066361
2.428000 0.066013
2.429000 0.065666
2.430000 0.065318
2.431000 0.064970
2.432000 0.064622
2.433000 0.064273
2.434000 0.063925
2.435000 0.063576
2.436000 0.063227
2.437000 0.062878
2.438000 0.062528
2.439000 0.062178
2.440000 0.061829
2.441000 0.061479
2.442000 0.061128
2.443000 0.060778
2.444000 0.060427
2.445000 0.060077
2.446000 0.059726
2.447000 0.059375
2.448000 0.059023
2.449000 0.058672
2.450000 0.058320
2.451000 0.057968
2.452000 0.057617
2.453000 0.057265
2.454000 0.056912
2.455000 0.056560
2.456000 0.056208
2.457000 0.055855
2.458000 0.055502
2.459000 0.055149
2.460000 0.054797
2.461000 0.054443
2.462000 0.054090
2.463000 0.053737
2.464000 0.053384
2.465000 0.053030
2.466000 0.052676
2.467000 0.052323
2.468000 0.051969
2.469000 0.051615
2.470000 0.051261
2.471000 0.050907
2.472000 0.050553
2.473000 0.050199
2.474000 0.049844
2.475000 0.049490
2.476000 0.049136
2.477000 0.048781
2.478000 0.048427
2.479000 0.048072
2.480000 0.047718
2.481000 0.047363
2.482000 0.047008
2.483000 0.046653
2.484000 0.046299
2.485000 0.045944
2.486000 0.045589
2.487000 0.045234
2.488000 0.044879
2.489000 0.044524
2.490000 0.044170
2.491000 0.043815
2.492000 0.043460
2.493000 0.043105
2.494000 0.042750
2.495000 0.042395
2.496000 0.042040
2.497000 0.041685
2.498000 0.041330
2.499000 0.040975
2.500000 0.040620
2.501000 0.040266
2.502000 0.039911
2.503000 0.039556
2.504000 0.039201
2.505000 0.038847
2.506000 0.038492
2.507000 0.038137
2.508000 0.037783
2.509000 0.037428
2.510000 0.037074
2.511000 0.036719
2.512000 0.036365
2.513000 0.036011
2.514000 0.035656
2.515000 0.035302
2.516000 0.034948
2.517000 0.034594
2.518000 0.034240
2.519000 0.033887
2.520000 0.033533
2.521000 0.033179
2.522000 0.032826
2.523000 0.032472
2.524000 0.032119
2.525000 0.031766
2.526000 0.031413
2.527000 0.031060
2.528000 0.030707
2.529000 0.030354
2.530000 0.030001
2.531000 0.029649
2.532000 0.029296
2.533000 0.028944
2.534000 0.028592
2.535000 0.028240
2.536000 0.027888
2.537000 0.027536
2.538000 0.027185
2.539000 0.026833
2.540000 0.026482
2.541000 0.026131
2.542000 0.025780
2.543000 0.025429
2.544000 0.025079
2.545000 0.024728
2.546000 0.024378
2.547000 0.024028
2.548000 0.023678
2.549000 0.023329
2.550000 0.022979
2.551000 0.022630
2.552000 0.022281
2.553000 0.021932
2.554000 0.021583
2.555000 0.021234
2.556000 0.020886
2.557000 0.020538
2.558000 0.020190
2.559000 0.019842
2.560000 0.019495
2.561000 0.019148
2.562000 0.018801
2.563000 0.018454
2.564000 0.018107
2.565000 0.017761
2.566000 0.017415
2.567000 0.017069
2.568000 0.016723
2.569000 0.016378
2.570000 0.016033
2.571000 0.015688
2.572000 0.015344
2.573000 0.014999
2.574000 0.014655
2.575000 0.014311
2.576000 0.013968
2.577000 0.013625
2.578000 0.013282
2.579000 0.012939
2.580000 0.012596
2.581000 0.012254
2.582000 0.011912
2.583000 0.011571
2.584000 0.011230
2.585000 0.010889
2.586000 0.010548
2.587000 0.010208
2.588000 0.009868
2.589000 0.009528
2.590000 0.009188
2.591000 0.008849
2.592000 0.008510
2.593000 0.008172
2.594000 0.007834
2.595000 0.007496
2.596000 0.007158
2.597000 0.006821
2.598000 0.006484
2.599000 0.006148
2.600000 0.005812
2.601000 0.005476
2.602000 0.005140
2.603000 0.004805
2.604000 0.004470
2.605000 0.004136
2.606000 0.003802
2.607000 0.003468
2.608000 0.003135
2.609000 0.002802
2.610000 0.002469
2.611000 0.002137
2.612000 0.001805
2.613000 0.001474
2.614000 0.001143
2.615000 0.000812
2.616000 0.000481
2.617000 0.000151
2.618000 -0.000178
2.619000 -0.000507
2.620000 -0.000836
2.621000 -0.001164
2.622000 -0.001492
2.623000 -0.001820
2.624000 -0.002147
2.625000 -0.002474
2.626000 -0.002800
2.627000 -0.003126
2.628000 -0.003452
2.629000 -0.003777
2.630000 -0.004101
2.631000 -0.004426
2.632000 -0.004749
2.633000 -0.005073
2.634000 -0.005396
2.635000 -0.005718
2.636000 -0.006040
2.637000 -0.006362
2.638000 -0.006683
2.639000 -0.007004
2.640000 -0.007324
2.641000 -0.007644
2.642000 -0.007963
2.643000 -0.008282
2.644000 -0.008601
2.645000 -0.008918
2.646000 -0.009236
2.647000 -0.009553
2.648000 -0.009870
2.649000 -0.010186
2.650000 -0.010501
2.651000 -0.010817
2.652000 -0.011131
2.653000 -0.011445
2.654000 -0.011759
2.655000 -0.012072
2.656000 -0.012385
2.657000 -0.012697
2.658000 -0.013009
2.659000 -0.013320
2.660000 -0.013631
2.661000 -0.013941
2.662000 -0.014251
2.663000 -0.014560
2.664000 -0.014869
2.665000 -0.015177
2.666000 -0.015485
2.667000 -0.015792
2.668000 -0.016098
2.669000 -0.016404
2.670000 -0.016710
2.671000 -0.017015
2.672000 -0.017320
2.673000 -0.017624
2.674000 -0.017927
2.675000 -0.018230
2.676000 -0.018532
2.677000 -0.018834
2.678000 -0.019136
2.679000 -0.019436
2.680000 -0.019736
2.681000 -0.020036
2.682000 -0.020335
2.683000 -0.020634
2.684000 -0.020932
2.685000 -0.021229
2.686000 -0.021526
2.687000 -0.021822
2.688000 -0.022118
2.689000 -0.022413
2.690000 -0.022708
2.691000 -0.023002
2.692000 -0.023295
2.693000 -0.023588
2.694000 -0.023880
2.695000 -0.024172
2.696000 -0.024463
2.697000 -0.024754
2.698000 -0.025044
2.699000 -0.025333
2.700000 -0.025622
2.701000 -0.025910
2.702000 -0.026198
2.703000 -0.026485
2.704000 -0.026771
2.705000 -0.027057
2.706000 -0.027342
2.707000 -0.027627
2.708000 -0.027910
2.709000 -0.028194
2.710000 -0.028477
2.711000 -0.028759
2.712000 -0.029040
2.713000 -0.029321
2.714000 -0.029601
2.715000 -0.029881
2.716000 -0.030160
2.717000 -0.030438
2.718000 -0.030716
2.719000 -0.030993
2.720000 -0.031270
2.721000 -0.031545
2.722000 -0.031821
2.723000 -0.032095
2.724000 -0.032369
2.725000 -0.032642
2.726000 -0.032915
2.727000 -0.033187
2.728000 -0.033458
2.729000 -0.033729
2.730000 -0.033999
2.731000 -0.034268
2.732000 -0.034537
2.733000 -0.034805
2.734000 -0.035073
2.735000 -0.035339
2.736000 -0.035605
2.737000 -0.035871
2.738000 -0.036136
2.739000 -0.036400
2.740000 -0.036663
2.741000 -0.036926
2.742000 -0.037188
2.743000 -0.037449
2.744000 -0.037710
2.745000 -0.037970
2.746000 -0.038229
2.747000 -0.038488
2.748000 -0.038746
2.749000 -0.039003
2.750000 -0.039260
2.751000 -0.039516
2.752000 -0.039771
2.753000 -0.040026
2.754000 -0.040279
2.755000 -0.040532
2.756000 -0.040785
2.757000 -0.041037
2.758000 -0.041288
2.759000 -0.041538
2.760000 -0.041788
2.761000 -0.042037
2.762000 -0.042285
2.763000 -0.042532
2.764000 -0.042779
2.765000 -0.043025
2.766000 -0.043270
2.767000 -0.043515
2.768000 -0.043759
2.769000 -0.044002
2.770000 -0.044245
2.771000 -0.044487
2.772000 -0.044728
2.773000 -0.044968
2.774000 -0.045207
2.775000 -0.045446
2.776000 -0.045684
2.777000 -0.045922
2.778000 -0.046159
2.779000 -0.046394
2.780000 -0.046630
2.781000 -0.046864
2.782000 -0.047098
2.783000 -0.047331
2.784000 -0.047563
2.785000 -0.047795
2.786000 -0.048025
2.787000 -0.048255
2.788000 -0.048485
2.789000 -0.048713
2.790000 -0.048941
2.791000 -0.049168
2.792000 -0.049394
2.793000 -0.049620
2.794000 -0.049844
2.795000 -0.050068
2.796000 -0.050292
2.797000 -0.050514
2.798000 -0.050736
2.799000 -0.050957
2.800000 -0.051177
2.801000 -0.051396
2.802000 -0.051615
2.803000 -0.051833
2.804000 -0.052050
2.805000 -0.052267
2.806000 -0.052482
2.807000 -0.052697
2.808000 -0.052911
2.809000 -0.053124
2.810000 -0.053337
2.811000 -0.053549
2.812000 -0.053760
2.813000 -0.053970
2.814000 -0.054179
2.815000 -0.054388
2.816000 -0.054596
2.817000 -0.054803
2.818000 -0.055009
2.819000 -0.055214
2.820000 -0.055419
2.821000 -0.055623
2.822000 -0.055826
2.823000 -0.056028
2.824000 -0.056230
2.825000 -0.056431
2.826000 -0.056631
2.827000 -0.056830
2.828000 -0.057028
2.829000 -0.057226
2.830000 -0.057423
2.831000 -0.057619
2.832000 -0.057814
2.833000 -0.058008
2.834000 -0.058202
2.835000 -0.058395
2.836000 -0.058587
2.837000 -0.058778
2.838000 -0.058968
2.839000 -0.059158
2.840000 -0.059347
2.841000 -0.059535
2.842000 -0.059722
2.843000 -0.059908
2.844000 -0.060094
2.845000 -0.060278
2.846000 -0.060462
2.847000 -0.060645
2.848000 -0.060828
2.849000 -0.061009
2.850000 -0.061190
2.851000 -0.061370
2.852000 -0.061549
2.853000 -0.061727
2.854000 -0.061904
2.855000 -0.062081
2.856000 -0.062257
2.857000 -0.062432
2.858000 -0.062606
2.859000 -0.062779
2.860000 -0.062952
2.861000 -0.063123
2.862000 -0.063294
2.863000 -0.063464
2.864000 -0.063633
2.865000 -0.063802
2.866000 -0.063969
2.867000 -0.064136
2.868000 -0.064302
2.869000 -0.064467
2.870000 -0.064631
2.871000 -0.064795
2.872000 -0.064957
2.873000 -0.065119
2.874000 -0.065280
2.875000 -0.065440
2.876000 -0.065599
2.877000 -0.065758
2.878000 -0.065915
2.879000 -0.066072
2.880000 -0.066228
2.881000 -0.066383
2.882000 -0.066537
2.883000 -0.066691
2.884000 -0.066843
2.885000 -0.066995
2.886000 -0.067146
2.887000 -0.067296
2.888000 -0.067445
2.889000 -0.067594
2.890000 -0.067741
2.891000 -0.067888
2.892000 -0.068034
2.893000 -0.068179
2.894000 -0.068323
2.895000 -0.068466
2.896000 -0.068609
2.897000 -0.068751
2.898000 -0.068891
2.899000 -0.069031
2.900000 -0.069170
2.901000 -0.069309
2.902000 -0.069446
2.903000 -0.069583
2.904000 -0.069719
2.905000 -0.069854
2.906000 -0.069988
2.907000 -0.070121
2.908000 -0.070253
2.909000 -0.070385
2.910000 -0.070515
2.911000 -0.070645
2.912000 -0.070774
2.913000 -0.070902
2.914000 -0.071030
2.915000 -0.071156
2.916000 -0.071282
2.917000 -0.071407
2.918000 -0.071530
2.919000 -0.071654
2.920000 -0.071776
2.921000 -0.071897
2.922000 -0.072018
2.923000 -0.072137
2.924000 -0.072256
2.925000 -0.072374
2.926000 -0.072491
2.927000 -0.072608
2.928000 -0.072723
2.929000 -0.072837
2.930000 -0.072951
2.931000 -0.073064
2.932000 -0.073176
2.933000 -0.073287
2.934000 -0.073398
2.935000 -0.073507
2.936000 -0.073616
2.937000 -0.073723
2.938000 -0.073830
2.939000 -0.073936
2.940000 -0.074042
2.941000 -0.074146
2.942000 -0.074250
2.943000 -0.074352
2.944000 -0.074454
2.945000 -0.074555
2.946000 -0.074655
2.947000 -0.074754
2.948000 -0.074853
2.949000 -0.074950
2.950000 -0.075047
2.951000 -0.075143
2.952000 -0.075238
2.953000 -0.075332
2.954000 -0.075425
2.955000 -0.075518
2.956000 -0.075609
2.957000 -0.075700
2.958000 -0.075790
2.959000 -0.075879
2.960000 -0.075967
2.961000 -0.076055
2.962000 -0.076141
2.963000 -0.076227
2.964000 -0.076312
2.965000 -0.076396
2.966000 -0.076479
2.967000 -0.076561
2.968000 -0.076642
2.969000 -0.076723
2.970000 -0.076803
2.971000 -0.076882
2.972000 -0.076960
2.973000 -0.077037
2.974000 -0.077113
2.975000 -0.077189
2.976000 -0.077263
2.977000 -0.077337
2.978000 -0.077410
2.979000 -0.077482
2.980000 -0.077553
2.981000 -0.077624
2.982000 -0.077693
2.983000 -0.077762
2.984000 -0.077830
2.985000 -0.077897
2.986000 -0.077963
2.987000 -0.078028
2.988000 -0.078093
2.989000 -0.078157
2.990000 -0.078219
2.991000 -0.078281
2.992000 -0.078342
2.993000 -0.078403
2.994000 -0.078462
2.995000 -0.078521
2.996000 -0.078579
2.997000 -0.078636
2.998000 -0.078692
2.999000 -0.078747
3.000000 -0.078801
3.001000 -0.078855
3.002000 -0.078908
3.003000 -0.078960
3.004000 -0.079011
3.005000 -0.079061
3.006000 -0.079110
3.007000 -0.079159
3.008000 -0.079207
3.009000 -0.079254
3.010000 -0.079300
3.011000 -0.079345
3.012000 -0.079389
3.013000 -0.079433
3.014000 -0.079476
3.015000 -0.079518
3.016000 -0.079559
3.017000 -0.079599
3.018000 -0.079638
3.019000 -0.079677
3.020000 -0.079715
3.021000 -0.079752
3.022000 -0.079788
3.023000 -0.079823
3.024000 -0.079858
3.025000 -0.079891
3.026000 -0.079924
3.027000 -0.079956
3.028000 -0.079987
3.029000 -0.080018
3.030000 -0.080047
3.031000 -0.080076
3.032000 -0.080104
3.033000 -0.080131
3.034000 -0.080157
3.035000 -0.080183
3.036000 -0.080207
3.037000 -0.080231
3.038000 -0.080254
3.039000 -0.080276
3.040000 -0.080298
3.041000 -0.080318
3.042000 -0.080338
3.043000 -0.080357
3.044000 -0.080375
3.045000 -0.080393
3.046000 -0.080409
3.047000 -0.080425
3.048000 -0.080440
3.049000 -0.080454
3.050000 -0.080467
3.051000 -0.080480
3.052000 -0.080491
3.053000 -0.080502
3.054000 -0.080512
3.055000 -0.080522
3.056000 -0.080530
3.057000 -0.080538
3.058000 -0.080545
3.059000 -0.080551
3.060000 -0.080556
3.061000 -0.080561
3.062000 -0.080564
3.063000 -0.080567
3.064000 -0.080569
3.065000 -0.080571
3.066000 -0.080571
3.067000 -0.080571
3.068000 -0.080570
3.069000 -0.080568
3.070000 -0.080565
3.071000 -0.080562
3.072000 -0.080558
3.073000 -0.080553
3.074000 -0.080547
3.075000 -0.080540
3.076000 -0.080533
3.077000 -0.080525
3.078000 -0.080516
3.079000 -0.080506
3.080000 -0.080496
3.081000 -0.080485
3.082000 -0.080473
3.083000 -0.080460
3.084000 -0.080447
3.085000 -0.080432
3.086000 -0.080417
3.087000 -0.080401
3.088000 -0.080385
3.089000 -0.080367
3.090000 -0.080349
3.091000 -0.080330
3.092000 -0.080310
3.093000 -0.080290
3.094000 -0.080269
3.095000 -0.080247
3.096000 -0.080224
3.097000 -0.080201
3.098000 -0.080176
3.099000 -0.080151
3.100000 -0.080126
3.101000 -0.080099
3.102000 -0.080072
3.103000 -0.080044
3.104000 -0.080015
3.105000 -0.079985
3.106000 -0.079955
3.107000 -0.079924
3.108000 -0.079892
3.109000 -0.079860
3.110000 -0.079827
3.111000 -0.079793
3.112000 -0.079758
3.113000 -0.079722
3.114000 -0.079686
3.115000 -0.079649
3.116000 -0.079611
3.117000 -0.079573
3.118000 -0.079534
3.119000 -0.079494
3.120000 -0.079453
3.121000 -0.079412
3.122000 -0.079370
3.123000 -0.079327
3.124000 -0.079283
3.125000 -0.079239
3.126000 -0.079194
3.127000 -0.079149
3.128000 -0.079102
3.129000 -0.079055
3.130000 -0.079007
3.131000 -0.078958
3.132000 -0.078909
3.133000 -0.078859
3.134000 -0.078808
3.135000 -0.078757
3.136000 -0.078705
3.137000 -0.078652
3.138000 -0.078598
3.139000 -0.078544
3.140000 -0.078489
3.141000 -0.078433
3.142000 -0.078377
3.143000 -0.078320
3.144000 -0.078262
3.145000 -0.078204
3.146000 -0.078144
3.147000 -0.078084
3.148000 -0.078024
3.149000 -0.077963
3.150000 -0.077901
3.151000 -0.077838
3.152000 -0.077775
3.153000 -0.077711
3.154000 -0.077646
3.155000 -0.077581
3.156000 -0.077514
3.157000 -0.077448
3.158000 -0.077380
3.159000 -0.077312
3.160000 -0.077243
3.161000 -0.077174
3.162000 -0.077104
3.163000 -0.077033
3.164000 -0.076961
3.165000 -0.076889
3.166000 -0.076816
3.167000 -0.076743
3.168000 -0.076669
3.169000 -0.076594
3.170000 -0.076518
3.171000 -0.076442
3.172000 -0.076366
3.173000 -0.076288
3.174000 -0.076210
3.175000 -0.076131
3.176000 -0.076052
3.177000 -0.075972
3.178000 -0.075891
3.179000 -0.075810
3.180000 -0.075728
3.181000 -0.075645
3.182000 -0.075562
3.183000 -0.075478
3.184000 -0.075393
3.185000 -0.075308
3.186000 -0.075222
3.187000 -0.075136
3.188000 -0.075048
3.189000 -0.074961
3.190000 -0.074872
3.191000 -0.074783
3.192000 -0.074694
3.193000 -0.074603
3.194000 -0.074513
3.195000 -0.074421
3.196000 -0.074329
3.197000 -0.074236
3.198000 -0.074143
3.199000 -0.074049
3.200000 -0.073954
3.201000 -0.073859
3.202000 -0.073763
3.203000 -0.073667
3.204000 -0.073570
3.205000 -0.073472
3.206000 -0.073374
3.207000 -0.073275
3.208000 -0.073176
3.209000 -0.073075
3.210000 -0.072975
3.211000 -0.072874
3.212000 -0.072772
3.213000 -0.072669
3.214000 -0.072566
3.215000 -0.072463
3.216000 -0.072359
3.217000 -0.072254
3.218000 -0.072148
3.219000 -0.072042
3.220000 -0.071936
3.221000 -0.071829
3.222000 -0.071721
3.223000 -0.071613
3.224000 -0.071504
3.225000 -0.071395
3.226000 -0.071285
3.227000 -0.071174
3.228000 -0.071063
3.229000 -0.070951
3.230000 -0.070839
3.231000 -0.070726
3.232000 -0.070613
3.233000 -0.070499
3.234000 -0.070385
3.235000 -0.070270
3.236000 -0.070154
3.237000 -0.070038
3.238000 -0.069921
3.239000 -0.069804
3.240000 -0.069686
3.241000 -0.069568
3.242000 -0.069449
3.243000 -0.069330
3.244000 -0.069210
3.245000 -0.069090
3.246000 -0.068969
3.247000 -0.068847
3.248000 -0.068725
3.249000 -0.068603
3.250000 -0.068479
3.251000 -0.068356
3.252000 -0.068232
3.253000 -0.068107
3.254000 -0.067982
3.255000 -0.067856
3.256000 -0.067730
3.257000 -0.067603
3.258000 -0.067476
3.259000 -0.067348
3.260000 -0.067220
3.261000 -0.067091
3.262000 -0.066962
3.263000 -0.066832
3.264000 -0.066702
3.265000 -0.066571
3.266000 -0.066440
3.267000 -0.066308
3.268000 -0.066176
3.269000 -0.066043
3.270000 -0.065910
3.271000 -0.065776
3.272000 -0.065642
3.273000 -0.065507
3.274000 -0.065372
3.275000 -0.065236
3.276000 -0.065100
3.277000 -0.064964
3.278000 -0.064827
3.279000 -0.064689
3.280000 -0.064551
3.281000 -0.064413
3.282000 -0.064274
3.283000 -0.064134
3.284000 -0.063994
3.285000 -0.063854
3.286000 -0.063713
3.287000 -0.063572
3.288000 -0.063430
3.289000 -0.063288
3.290000 -0.063145
3.291000 -0.063002
3.292000 -0.062859
3.293000 -0.062715
3.294000 -0.062570
3.295000 -0.062426
3.296000 -0.062280
3.297000 -0.062135
3.298000 -0.061988
3.299000 -0.061842
3.300000 -0.061695
3.301000 -0.061547
3.302000 -0.061399
3.303000 -0.061251
3.304000 -0.061102
3.305000 -0.060953
3.306000 -0.060804
3.307000 -0.060654
3.308000 -0.060503
3.309000 -0.060352
3.310000 -0.060201
3.311000 -0.060050
3.312000 -0.059898
3.313000 -0.059745
3.314000 -0.059592
3.315000 -0.059439
3.316000 -0.059285
3.317000 -0.059131
3.318000 -0.058977
3.319000 -0.058822
3.320000 -0.058667
3.321000 -0.058511
3.322000 -0.058355
3.323000 -0.058199
3.324000 -0.058042
3.325000 -0.057885
3.326000 -0.057727
3.327000 -0.057569
3.328000 -0.057411
3.329000 -0.057252
3.330000 -0.057093
3.331000 -0.056934
3.332000 -0.056774
3.333000 -0.056614
3.334000 -0.056453
3.335000 -0.056292
3.336000 -0.056131
3.337000 -0.055969
3.338000 -0.055808
3.339000 -0.055645
3.340000 -0.055483
3.341000 -0.055320
3.342000 -0.055156
3.343000 -0.054992
3.344000 -0.054828
3.345000 -0.054664
3.346000 -0.054499
3.347000 -0.054334
3.348000 -0.054169
3.349000 -0.054003
3.350000 -0.053837
3.351000 -0.053671
3.352000 -0.053504
3.353000 -0.053337
3.354000 -0.053169
3.355000 -0.053002
3.356000 -0.052834
3.357000 -0.052665
3.358000 -0.052497
3.359000 -0.052328
3.360000 -0.052158
3.361000 -0.051989
3.362000 -0.051819
3.363000 -0.051649
3.364000 -0.051478
3.365000 -0.051307
3.366000 -0.051136
3.367000 -0.050965
3.368000 -0.050793
3.369000 -0.050621
3.370000 -0.050449
3.371000 -0.050276
3.372000 -0.050103
3.373000 -0.049930
3.374000 -0.049757
3.375000 -0.049583
3.376000 -0.049409
3.377000 -0.049235
3.378000 -0.049060
3.379000 -0.048885
3.380000 -0.048710
3.381000 -0.048535
3.382000 -0.048359
3.383000 -0.048183
3.384000 -0.048007
3.385000 -0.047831
3.386000 -0.047654
3.387000 -0.047477
3.388000 -0.047300
3.389000 -0.047123
3.390000 -0.046945
3.391000 -0.046767
3.392000 -0.046589
3.393000 -0.046410
3.394000 -0.046232
3.395000 -0.046053
3.396000 -0.045874
3.397000 -0.045694
3.398000 -0.045515
3.399000 -0.045335
3.400000 -0.045155
3.401000 -0.044974
3.402000 -0.044794
3.403000 -0.044613
3.404000 -0.044432
3.405000 -0.044251
3.406000 -0.044070
3.407000 -0.043888
3.408000 -0.043706
3.409000 -0.043524
3.410000 -0.043342
3.411000 -0.043159
3.412000 -0.042977
3.413000 -0.042794
3.414000 -0.042611
3.415000 -0.042427
3.416000 -0.042244
3.417000 -0.042060
3.418000 -0.041876
3.419000 -0.041692
3.420000 -0.041508
3.421000 -0.041323
3.422000 -0.041139
3.423000 -0.040954
3.424000 -0.040769
3.425000 -0.040584
3.426000 -0.040398
3.427000 -0.040213
3.428000 -0.040027
3.429000 -0.039841
3.430000 -0.039655
3.431000 -0.039469
3.432000 -0.039283
3.433000 -0.039096
3.434000 -0.038910
3.435000 -0.038723
3.436000 -0.038536
3.437000 -0.038348
3.438000 -0.038161
3.439000 -0.037974
3.440000 -0.037786
3.441000 -0.037598
3.442000 -0.037410
3.443000 -0.037222
3.444000 -0.037034
3.445000 -0.036846
3.446000 -0.036657
3.447000 -0.036469
3.448000 -0.036280
3.449000 -0.036091
3.450000 -0.035902
3.451000 -0.035713
3.452000 -0.035524
3.453000 -0.035334
3.454000 -0.035145
3.455000 -0.034955
3.456000 -0.034765
3.457000 -0.034576
3.458000 -0.034386
3.459000 -0.034196
3.460000 -0.034005
3.461000 -0.033815
3.462000 -0.033625
3.463000 -0.033434
3.464000 -0.033244
3.465000 -0.033053
3.466000 -0.032862
3.467000 -0.032671
3.468000 -0.032480
3.469000 -0.032289
3.470000 -0.032098
3.471000 -0.031907
3.472000 -0.031715
3.473000 -0.031524
3.474000 -0.031332
3.475000 -0.031141
3.476000 -0.030949
3.477000 -0.030758
3.478000 -0.030566
3.479000 -0.030374
3.480000 -0.030182
3.481000 -0.029990
3.482000 -0.029798
3.483000 -0.029606
3.484000 -0.029413
3.485000 -0.029221
3.486000 -0.029029
3.487000 -0.028837
3.488000 -0.028644
3.489000 -0.028452
3.490000 -0.028259
3.491000 -0.028067
3.492000 -0.027874
3.493000 -0.027681
3.494000 -0.027489
3.495000 -0.027296
3.496000 -0.027103
3.497000 -0.026910
3.498000 -0.026717
3.499000 -0.026524
3.500000 -0.026331
3.501000 -0.026139
3.502000 -0.025946
3.503000 -0.025753
3.504000 -0.025560
3.505000 -0.025366
3.506000 -0.025173
3.507000 -0.024980
3.508000 -0.024787
3.509000 -0.024594
3.510000 -0.024401
3.511000 -0.024208
3.512000 -0.024015
3.513000 -0.023822
3.514000 -0.023628
3.515000 -0.023435
3.516000 -0.023242
3.517000 -0.023049
3.518000 -0.022856
3.519000 -0.022663
3.520000 -0.022470
3.521000 -0.022277
3.522000 -0.022083
3.523000 -0.021890
3.524000 -0.021697
3.525000 -0.021504
3.526000 -0.021311
3.527000 -0.021118
3.528000 -0.020925
3.529000 -0.020732
3.530000 -0.020539
3.531000 -0.020346
3.532000 -0.020153
3.533000 -0.019961
3.534000 -0.019768
3.535000 -0.019575
3.536000 -0.019382
3.537000 -0.019190
3.538000 -0.018997
3.539000 -0.018804
3.540000 -0.018612
3.541000 -0.018419
3.542000 -0.018227
3.543000 -0.018034
3.544000 -0.017842
3.545000 -0.017650
3.546000 -0.017457
3.547000 -0.017265
3.548000 -0.017073
3.549000 -0.016881
3.550000 -0.016689
3.551000 -0.016497
3.552000 -0.016305
3.553000 -0.016113
3.554000 -0.015921
3.555000 -0.015730
3.556000 -0.015538
3.557000 -0.015347
3.558000 -0.015155
3.559000 -0.014964
3.560000 -0.014772
3.561000 -0.014581
3.562000 -0.014390
3.563000 -0.014199
3.564000 -0.014008
3.565000 -0.013817
3.566000 -0.013626
3.567000 -0.013436
3.568000 -0.013245
3.569000 -0.013055
3.570000 -0.012864
3.571000 -0.012674
3.572000 -0.012484
3.573000 -0.012294
3.574000 -0.012104
3.575000 -0.011914
3.576000 -0.011724
3.577000 -0.011534
3.578000 -0.011345
3.579000 -0.011156
3.580000 -0.010966
3.581000 -0.010777
3.582000 -0.010588
3.583000 -0.010399
3.584000 -0.010210
3.585000 -0.010022
3.586000 -0.009833
3.587000 -0.009644
3.588000 -0.009456
3.589000 -0.009268
3.590000 -0.009080
3.591000 -0.008892
3.592000 -0.008704
3.593000 -0.008517
3.594000 -0.008329
3.595000 -0.008142
3.596000 -0.007955
3.597000 -0.007767
3.598000 -0.007581
3.599000 -0.007394
3.600000 -0.007207
3.601000 -0.007021
3.602000 -0.006834
3.603000 -0.006648
3.604000 -0.006462
3.605000 -0.006276
3.606000 -0.006091
3.607000 -0.005905
3.608000 -0.005720
3.609000 -0.005535
3.610000 -0.005350
3.611000 -0.005165
3.612000 -0.004980
3.613000 -0.004795
3.614000 -0.004611
3.615000 -0.004427
3.616000 -0.004243
3.617000 -0.004059
3.618000 -0.003875
3.619000 -0.003692
3.620000 -0.003509
3.621000 -0.003326
3.622000 -0.003143
3.623000 -0.002960
3.624000 -0.002777
3.625000 -0.002595
3.626000 -0.002413
3.627000 -0.002231
3.628000 -0.002049
3.629000 -0.001868
3.630000 -0.001686
3.631000 -0.001505
3.632000 -0.001324
3.633000 -0.001143
3.634000 -0.000963
3.635000 -0.000782
3.636000 -0.000602
3.637000 -0.000422
3.638000 -0.000242
3.639000 -0.000063
3.640000 0.000116
3.641000 0.000296
3.642000 0.000474
3.643000 0.000653
3.644000 0.000832
3.645000 0.001010
3.646000 0.001188
3.647000 0.001366
3.648000 0.001543
3.649000 0.001720
3.650000 0.001898
3.651000 0.002074
3.652000 0.002251
3.653000 0.002427
3.654000 0.002604
3.655000 0.002780
3.656000 0.002955
3.657000 0.003131
3.658000 0.003306
3.659000 0.003481
3.660000 0.003656
3.661000 0.003830
3.662000 0.004004
3.663000 0.004178
3.664000 0.004352
3.665000 0.004526
3.666000 0.004699
3.667000 0.004872
3.668000 0.005045
3.669000 0.005217
3.670000 0.005390
3.671000 0.005562
3.672000 0.005733
3.673000 0.005905
3.674000 0.006076
3.675000 0.006247
3.676000 0.006418
3.677000 0.006588
3.678000 0.006758
3.679000 0.006928
3.680000 0.007098
3.681000 0.007267
3.682000 0.007436
3.683000 0.007605
3.684000 0.007773
3.685000 0.007941
3.686000 0.008109
3.687000 0.008277
3.688000 0.008444
3.689000 0.008612
3.690000 0.008778
3.691000 0.008945
3.692000 0.009111
3.693000 0.009277
3.694000 0.009443
3.695000 0.009608
3.696000 0.009773
3.697000 0.009938
3.698000 0.010103
3.699000 0.010267
3.700000 0.010431
3.701000 0.010594
3.702000 0.010758
3.703000 0.010921
3.704000 0.011084
3.705000 0.011246
3.706000 0.011408
3.707000 0.011570
3.708000 0.011731
3.709000 0.011893
3.710000 0.012054
3.711000 0.012214
3.712000 0.012374
3.713000 0.012534
3.714000 0.012694
3.715000 0.012853
3.716000 0.013012
3.717000 0.013171
3.718000 0.013329
3.719000 0.013488
3.720000 0.013645
3.721000 0.013803
3.722000 0.013960
3.723000 0.014117
3.724000 0.014273
3.725000 0.014429
3.726000 0.014585
3.727000 0.014740
3.728000 0.014896
3.729000 0.015050
3.730000 0.015205
3.731000 0.015359
3.732000 0.015513
3.733000 0.015666
3.734000 0.015819
3.735000 0.015972
3.736000 0.016125
3.737000 0.016277
3.738000 0.016429
3.739000 0.016580
3.740000 0.016731
3.741000 0.016882
3.742000 0.017032
3.743000 0.017182
3.744000 0.017332
3.745000 0.017482
3.746000 0.017631
3.747000 0.017779
3.748000 0.017928
3.749000 0.018076
3.750000 0.018223
3.751000 0.018370
3.752000 0.018517
3.753000 0.018664
3.754000 0.018810
3.755000 0.018956
3.756000 0.019101
3.757000 0.019247
3.758000 0.019391
3.759000 0.019536
3.760000 0.019680
3.761000 0.019823
3.762000 0.019967
3.763000 0.020110
3.764000 0.020252
3.765000 0.020394
3.766000 0.020536
3.767000 0.020678
3.768000 0.020819
3.769000 0.020959
3.770000 0.021100
3.771000 0.021240
3.772000 0.021379
3.773000 0.021519
3.774000 0.021657
3.775000 0.021796
3.776000 0.021934
3.777000 0.022072
3.778000 0.022209
3.779000 0.022346
3.780000 0.022482
3.781000 0.022619
3.782000 0.022754
3.783000 0.022890
3.784000 0.023025
3.785000 0.023160
3.786000 0.023294
3.787000 0.023428
3.788000 0.023561
3.789000 0.023694
3.790000 0.023827
3.791000 0.023959
3.792000 0.024091
3.793000 0.024223
3.794000 0.024354
3.795000 0.024484
3.796000 0.024615
3.797000 0.024745
3.798000 0.024874
3.799000 0.025003
3.800000 0.025132
3.801000 0.025261
3.802000 0.025388
3.803000 0.025516
3.804000 0.025643
3.805000 0.025770
3.806000 0.025896
3.807000 0.026022
3.808000 0.026148
3.809000 0.026273
3.810000 0.026398
3.811000 0.026522
3.812000 0.026646
3.813000 0.026769
3.814000 0.026892
3.815000 0.027015
3.816000 0.027137
3.817000 0.027259
3.818000 0.027381
3.819000 0.027502
3.820000 0.027622
3.821000 0.027742
3.822000 0.027862
3.823000 0.027982
3.824000 0.028100
3.825000 0.028219
3.826000 0.028337
3.827000 0.028455
3.828000 0.028572
3.829000 0.028689
3.830000 0.028805
3.831000 0.028921
3.832000 0.029037
3.833000 0.029152
3.834000 0.029267
3.835000 0.029381
3.836000 0.029495
3.837000 0.029609
3.838000 0.029722
3.839000 0.029834
3.840000 0.029947
3.841000 0.030058
3.842000 0.030170
3.843000 0.030281
3.844000 0.030391
3.845000 0.030501
3.846000 0.030611
3.847000 0.030720
3.848000 0.030829
3.849000 0.030937
3.850000 0.031045
3.851000 0.031152
3.852000 0.031259
3.853000 0.031366
3.854000 0.031472
3.855000 0.031578
3.856000 0.031683
3.857000 0.031788
3.858000 0.031893
3.859000 0.031997
3.860000 0.032100
3.861000 0.032203
3.862000 0.032306
3.863000 0.032408
3.864000 0.032510
3.865000 0.032611
3.866000 0.032712
3.867000 0.032813
3.868000 0.032913
3.869000 0.033012
3.870000 0.033111
3.871000 0.033210
3.872000 0.033308
3.873000 0.033406
3.874000 0.033504
3.875000 0.033601
3.876000 0.033697
3.877000 0.033793
3.878000 0.033889
3.879000 0.033984
3.880000 0.034079
3.881000 0.034173
3.882000 0.034267
3.883000 0.034360
3.884000 0.034453
3.885000 0.034545
3.886000 0.034638
3.887000 0.034729
3.888000 0.034820
3.889000 0.034911
3.890000 0.035001
3.891000 0.035091
3.892000 0.035180
3.893000 0.035269
3.894000 0.035358
3.895000 0.035445
3.896000 0.035533
3.897000 0.035620
3.898000 0.035707
3.899000 0.035793
3.900000 0.035879
3.901000 0.035964
3.902000 0.036049
3.903000 0.036133
3.904000 0.036217
3.905000 0.036300
3.906000 0.036383
3.907000 0.036466
3.908000 0.036548
3.909000 0.036629
3.910000 0.036711
3.911000 0.036791
3.912000 0.036872
3.913000 0.036951
3.914000 0.037031
3.915000 0.037110
3.916000 0.037188
3.917000 0.037266
3.918000 0.037343
3.919000 0.037420
3.920000 0.037497
3.921000 0.037573
3.922000 0.037649
3.923000 0.037724
3.924000 0.037799
3.925000 0.037873
3.926000 0.037947
3.927000 0.038020
3.928000 0.038093
3.929000 0.038166
3.930000 0.038238
3.931000 0.038309
3.932000 0.038380
3.933000 0.038451
3.934000 0.038521
3.935000 0.038591
3.936000 0.038660
3.937000 0.038729
3.938000 0.038797
3.939000 0.038865
3.940000 0.038932
3.941000 0.038999
3.942000 0.039066
3.943000 0.039132
3.944000 0.039197
3.945000 0.039262
3.946000 0.039327
3.947000 0.039391
3.948000 0.039455
3.949000 0.039518
3.950000 0.039581
3.951000 0.039643
3.952000 0.039705
3.953000 0.039766
3.954000 0.039827
3.955000 0.039887
3.956000 0.039947
3.957000 0.040007
3.958000 0.040066
3.959000 0.040125
3.960000 0.040183
3.961000 0.040240
3.962000 0.040298
3.963000 0.040354
3.964000 0.040411
3.965000 0.040466
3.966000 0.040522
3.967000 0.040577
3.968000 0.040631
3.969000 0.040685
3.970000 0.040739
3.971000 0.040792
3.972000 0.040844
3.973000 0.040896
3.974000 0.040948
3.975000 0.040999
3.976000 0.041050
3.977000 0.041100
3.978000 0.041150
3.979000 0.041199
3.980000 0.041248
3.981000 0.041297
3.982000 0.041344
3.983000 0.041392
3.984000 0.041439
3.985000 0.041486
3.986000 0.041532
3.987000 0.041577
3.988000 0.041622
3.989000 0.041667
3.990000 0.041711
3.991000 0.041755
3.992000 0.041799
3.993000 0.041841
3.994000 0.041884
3.995000 0.041926
3.996000 0.041967
3.997000 0.042008
3.998000 0.042049
3.999000 0.042089
4.000000 0.042129
4.001000 0.042168
4.002000 0.042207
4.003000 0.042245
4.004000 0.042283
4.005000 0.042320
4.006000 0.042357
4.007000 0.042393
4.008000 0.042429
4.009000 0.042465
4.010000 0.042500
4.011000 0.042534
4.012000 0.042569
4.013000 0.042602
4.014000 0.042635
4.015000 0.042668
4.016000 0.042700
4.017000 0.042732
4.018000 0.042764
4.019000 0.042795
4.020000 0.042825
4.021000 0.042855
4.022000 0.042885
4.023000 0.042914
4.024000 0.042942
4.025000 0.042971
4.026000 0.042998
4.027000 0.043026
4.028000 0.043053
4.029000 0.043079
4.030000 0.043105
4.031000 0.043130
4.032000 0.043155
4.033000 0.043180
4.034000 0.043204
4.035000 0.043228
4.036000 0.043251
4.037000 0.043274
4.038000 0.043296
4.039000 0.043318
4.040000 0.043339
4.041000 0.043360
4.042000 0.043381
4.043000 0.043401
4.044000 0.043420
4.045000 0.043440
4.046000 0.043458
4.047000 0.043477
4.048000 0.043494
4.049000 0.043512
4.050000 0.043529
4.051000 0.043545
4.052000 0.043561
4.053000 0.043577
4.054000 0.043592
4.055000 0.043607
4.056000 0.043621
4.057000 0.043635
4.058000 0.043648
4.059000 0.043661
4.060000 0.043673
4.061000 0.043686
4.062000 0.043697
4.063000 0.043708
4.064000 0.043719
4.065000 0.043729
4.066000 0.043739
4.067000 0.043748
4.068000 0.043757
4.069000 0.043766
4.070000 0.043774
4.071000 0.043782
4.072000 0.043789
4.073000 0.043796
4.074000 0.043802
4.075000 0.043808
4.076000 0.043813
4.077000 0.043818
4.078000 0.043823
4.079000 0.043827
4.080000 0.043831
4.081000 0.043834
4.082000 0.043837
4.083000 0.043839
4.084000 0.043841
4.085000 0.043843
4.086000 0.043844
4.087000 0.043844
4.088000 0.043845
4.089000 0.043844
4.090000 0.043844
4.091000 0.043843
4.092000 0.043841
4.093000 0.043839
4.094000 0.043837
4.095000 0.043834
4.096000 0.043831
4.097000 0.043827
4.098000 0.043823
4.099000 0.043819
4.100000 0.043814
4.101000 0.043809
4.102000 0.043803
4.103000 0.043797
4.104000 0.043790
4.105000 0.043783
4.106000 0.043776
4.107000 0.043768
4.108000 0.043760
4.109000 0.043751
4.110000 0.043742
4.111000 0.043733
4.112000 0.043723
4.113000 0.043712
4.114000 0.043702
4.115000 0.043690
4.116000 0.043679
4.117000 0.043667
4.118000 0.043654
4.119000 0.043642
4.120000 0.043628
4.121000 0.043615
4.122000 0.043601
4.123000 0.043586
4.124000 0.043571
4.125000 0.043556
4.126000 0.043540
4.127000 0.043524
4.128000 0.043508
4.129000 0.043491
4.130000 0.043473
4.131000 0.043456
4.132000 0.043437
4.133000 0.043419
4.134000 0.043400
4.135000 0.043381
4.136000 0.043361
4.137000 0.043341
4.138000 0.043320
4.139000 0.043299
4.140000 0.043278
4.141000 0.043256
4.142000 0.043234
4.143000 0.043211
4.144000 0.043188
4.145000 0.043165
4.146000 0.043141
4.147000 0.043117
4.148000 0.043093
4.149000 0.043068
4.150000 0.043042
4.151000 0.043017
4.152000 0.042991
4.153000 0.042964
4.154000 0.042937
4.155000 0.042910
4.156000 0.042882
4.157000 0.042854
4.158000 0.042826
4.159000 0.042797
4.160000 0.042768
4.161000 0.042738
4.162000 0.042708
4.163000 0.042678
4.164000 0.042647
4.165000 0.042616
4.166000 0.042585
4.167000 0.042553
4.168000 0.042520
4.169000 0.042488
4.170000 0.042455
4.171000 0.042421
4.172000 0.042388
4.173000 0.042354
4.174000 0.042319
4.175000 0.042284
4.176000 0.042249
4.177000 0.042213
4.178000 0.042177
4.179000 0.042141
4.180000 0.042104
4.181000 0.042067
4.182000 0.042030
4.183000 0.041992
4.184000 0.041954
4.185000 0.041915
4.186000 0.041876
4.187000 0.041837
4.188000 0.041797
4.189000 0.041757
4.190000 0.041717
4.191000 0.041676
4.192000 0.041635
4.193000 0.041593
4.194000 0.041551
4.195000 0.041509
4.196000 0.041467
4.197000 0.041424
4.198000 0.041381
4.199000 0.041337
4.200000 0.041293
4.201000 0.041249
4.202000 0.041204
4.203000 0.041159
4.204000 0.041114
4.205000 0.041068
4.206000 0.041022
4.207000 0.040975
4.208000 0.040929
4.209000 0.040882
4.210000 0.040834
4.211000 0.040786
4.212000 0.040738
4.213000 0.040690
4.214000 0.040641
4.215000 0.040592
4.216000 0.040542
4.217000 0.040492
4.218000 0.040442
4.219000 0.040392
4.220000 0.040341
4.221000 0.040290
4.222000 0.040238
4.223000 0.040186
4.224000 0.040134
4.225000 0.040082
4.226000 0.040029
4.227000 0.039976
4.228000 0.039922
4.229000 0.039868
4.230000 0.039814
4.231000 0.039760
4.232000 0.039705
4.233000 0.039650
4.234000 0.039594
4.235000 0.039539
4.236000 0.039482
4.237000 0.039426
4.238000 0.039369
4.239000 0.039312
4.240000 0.039255
4.241000 0.039197
4.242000 0.039139
4.243000 0.039081
4.244000 0.039022
4.245000 0.038963
4.246000 0.038904
4.247000 0.038845
4.248000 0.038785
4.249000 0.038724
4.250000 0.038664
4.251000 0.038603
4.252000 0.038542
4.253000 0.038481
4.254000 0.038419
4.255000 0.038357
4.256000 0.038295
4.257000 0.038232
4.258000 0.038169
4.259000 0.038106
4.260000 0.038042
4.261000 0.037979
4.262000 0.037914
4.263000 0.037850
4.264000 0.037785
4.265000 0.037720
4.266000 0.037655
4.267000 0.037590
4.268000 0.037524
4.269000 0.037457
4.270000 0.037391
4.271000 0.037324
4.272000 0.037257
4.273000 0.037190
4.274000 0.037122
4.275000 0.037055
4.276000 0.036986
4.277000 0.036918
4.278000 0.036849
4.279000 0.036780
4.280000 0.036711
4.281000 0.036641
4.282000 0.036572
4.283000 0.036502
4.284000 0.036431
4.285000 0.036360
4.286000 0.036290
4.287000 0.036218
4.288000 0.036147
4.289000 0.036075
4.290000 0.036003
4.291000 0.035931
4.292000 0.035858
4.293000 0.035786
4.294000 0.035713
4.295000 0.035639
4.296000 0.035566
4.297000 0.035492
4.298000 0.035418
4.299000 0.035343
4.300000 0.035269
4.301000 0.035194
4.302000 0.035119
4.303000 0.035043
4.304000 0.034968
4.305000 0.034892
4.306000 0.034816
4.307000 0.034739
4.308000 0.034663
4.309000 0.034586
4.310000 0.034508
4.311000 0.034431
4.312000 0.034353
4.313000 0.034276
4.314000 0.034197
4.315000 0.034119
4.316000 0.034040
4.317000 0.033962
4.318000 0.033883
4.319000 0.033803
4.320000 0.033724
4.321000 0.033644
4.322000 0.033564
4.323000 0.033484
4.324000 0.033403
4.325000 0.033322
4.326000 0.033241
4.327000 0.033160
4.328000 0.033079
4.329000 0.032997
4.330000 0.032915
4.331000 0.032833
4.332000 0.032751
4.333000 0.032668
4.334000 0.032586
4.335000 0.032503
4.336000 0.032419
4.337000 0.032336
4.338000 0.032252
4.339000 0.032168
4.340000 0.032084
4.341000 0.032000
4.342000 0.031916
4.343000 0.031831
4.344000 0.031746
4.345000 0.031661
4.346000 0.031575
4.347000 0.031490
4.348000 0.031404
4.349000 0.031318
4.350000 0.031232
4.351000 0.031146
4.352000 0.031059
4.353000 0.030972
4.354000 0.030885
4.355000 0.030798
4.356000 0.030711
4.357000 0.030623
4.358000 0.030535
4.359000 0.030447
4.360000 0.030359
4.361000 0.030271
4.362000 0.030182
4.363000 0.030094
4.364000 0.030005
4.365000 0.029916
4.366000 0.029826
4.367000 0.029737
4.368000 0.029647
4.369000 0.029557
4.370000 0.029467
4.371000 0.029377
4.372000 0.029287
4.373000 0.029196
4.374000 0.029105
4.375000 0.029014
4.376000 0.028923
4.377000 0.028832
4.378000 0.028741
4.379000 0.028649
4.380000 0.028557
4.381000 0.028465
4.382000 0.028373
4.383000 0.028281
4.384000 0.028188
4.385000 0.028096
4.386000 0.028003
4.387000 0.027910
4.388000 0.027817
4.389000 0.027723
4.390000 0.027630
4.391000 0.027536
4.392000 0.027443
4.393000 0.027349
4.394000 0.027255
4.395000 0.027160
4.396000 0.027066
4.397000 0.026971
4.398000 0.026877
4.399000 0.026782
4.400000 0.026687
4.401000 0.026592
4.402000 0.026496
4.403000 0.026401
4.404000 0.026305
4.405000 0.026210
4.406000 0.026114
4.407000 0.026018
4.408000 0.025922
4.409000 0.025825
4.410000 0.025729
4.411000 0.025632
4.412000 0.025536
4.413000 0.025439
4.414000 0.025342
4.415000 0.025245
4.416000 0.025147
4.417000 0.025050
4.418000 0.024953
4.419000 0.024855
4.420000 0.024757
4.421000 0.024659
4.422000 0.024561
4.423000 0.024463
4.424000 0.024365
4.425000 0.024267
4.426000 0.024168
4.427000 0.024069
4.428000 0.023971
4.429000 0.023872
4.430000 0.023773
4.431000 0.023674
4.432000 0.023575
4.433000 0.023475
4.434000 0.023376
4.435000 0.023276
4.436000 0.023177
4.437000 0.023077
4.438000 0.022977
4.439000 0.022877
4.440000 0.022777
4.441000 0.022677
4.442000 0.022577
4.443000 0.022476
4.444000 0.022376
4.445000 0.022275
4.446000 0.022174
4.447000 0.022074
4.448000 0.021973
4.449000 0.021872
4.450000 0.021771
4.451000 0.021670
4.452000 0.021568
4.453000 0.021467
4.454000 0.021366
4.455000 0.021264
4.456000 0.021162
4.457000 0.021061
4.458000 0.020959
4.459000 0.020857
4.460000 0.020755
4.461000 0.020653
4.462000 0.020551
4.463000 0.020449
4.464000 0.020347
4.465000 0.020244
4.466000 0.020142
4.467000 0.020039
4.468000 0.019937
4.469000 0.019834
4.470000 0.019731
4.471000 0.019629
4.472000 0.019526
4.473000 0.019423
4.474000 0.019320
4.475000 0.019217
4.476000 0.019114
4.477000 0.019010
4.478000 0.018907
4.479000 0.018804
4.480000 0.018700
4.481000 0.018597
4.482000 0.018493
4.483000 0.018390
4.484000 0.018286
4.485000 0.018183
4.486000 0.018079
4.487000 0.017975
4.488000 0.017871
4.489000 0.017767
4.490000 0.017664
4.491000 0.017560
4.492000 0.017455
4.493000 0.017351
4.494000 0.017247
4.495000 0.017143
4.496000 0.017039
4.497000 0.016935
4.498000 0.016830
4.499000 0.016726
4.500000 0.016622
4.501000 0.016517
4.502000 0.016413
4.503000 0.016308
4.504000 0.016204
4.505000 0.016099
4.506000 0.015995
4.507000 0.015890
4.508000 0.015785
4.509000 0.015681
4.510000 0.015576
4.511000 0.015471
4.512000 0.015366
4.513000 0.015262
4.514000 0.015157
4.515000 0.015052
4.516000 0.014947
4.517000 0.014842
4.518000 0.014737
4.519000 0.014632
4.520000 0.014527
4.521000 0.014422
4.522000 0.014317
4.523000 0.014212
4.524000 0.014107
4.525000 0.014002
4.526000 0.013897
4.527000 0.013792
4.528000 0.013687
4.529000 0.013582
4.530000 0.013477
4.531000 0.013372
4.532000 0.013267
4.533000 0.013162
4.534000 0.013057
4.535000 0.012952
4.536000 0.012847
4.537000 0.012741
4.538000 0.012636
4.539000 0.012531
4.540000 0.012426
4.541000 0.012321
4.542000 0.012216
4.543000 0.012111
4.544000 0.012006
4.545000 0.011901
4.546000 0.011796
4.547000 0.011691
4.548000 0.011586
4.549000 0.011480
4.550000 0.011375
4.551000 0.011270
4.552000 0.011165
4.553000 0.011060
4.554000 0.010956
4.555000 0.010851
4.556000 0.010746
4.557000 0.010641
4.558000 0.010536
4.559000 0.010431
4.560000 0.010326
4.561000 0.010221
4.562000 0.010117
4.563000 0.010012
4.564000 0.009907
4.565000 0.009802
4.566000 0.009698
4.567000 0.009593
4.568000 0.009488
4.569000 0.009384
4.570000 0.009279
4.571000 0.009175
4.572000 0.009070
4.573000 0.008966
4.574000 0.008861
4.575000 0.008757
4.576000 0.008653
4.577000 0.008548
4.578000 0.008444
4.579000 0.008340
4.580000 0.008236
4.581000 0.008131
4.582000 0.008027
4.583000 0.007923
4.584000 0.007819
4.585000 0.007715
4.586000 0.007611
4.587000 0.007508
4.588000 0.007404
4.589000 0.007300
4.590000 0.007196
4.591000 0.007093
4.592000 0.006989
4.593000 0.006886
4.594000 0.006782
4.595000 0.006679
4.596000 0.006575
4.597000 0.006472
4.598000 0.006369
4.599000 0.006266
4.600000 0.006162
4.601000 0.006059
4.602000 0.005956
4.603000 0.005853
4.604000 0.005750
4.605000 0.005648
4.606000 0.005545
4.607000 0.005442
4.608000 0.005340
4.609000 0.005237
4.610000 0.005135
4.611000 0.005032
4.612000 0.004930
4.613000 0.004828
4.614000 0.004725
4.615000 0.004623
4.616000 0.004521
4.617000 0.004419
4.618000 0.004318
4.619000 0.004216
4.620000 0.004114
4.621000 0.004012
4.622000 0.003911
4.623000 0.003809
4.624000 0.003708
4.625000 0.003607
4.626000 0.003506
4.627000 0.003404
4.628000 0.003303
4.629000 0.003202
4.630000 0.003102
4.631000 0.003001
4.632000 0.002900
4.633000 0.002799
4.634000 0.002699
4.635000 0.002599
4.636000 0.002498
4.637000 0.002398
4.638000 0.002298
4.639000 0.002198
4.640000 0.002098
4.641000 0.001998
4.642000 0.001898
4.643000 0.001799
4.644000 0.001699
4.645000 0.001600
4.646000 0.001501
4.647000 0.001401
4.648000 0.001302
4.649000 0.001203
4.650000 0.001104
4.651000 0.001005
4.652000 0.000907
4.653000 0.000808
4.654000 0.000710
4.655000 0.000611
4.656000 0.000513
4.657000 0.000415
4.658000 0.000317
4.659000 0.000219
4.660000 0.000121
4.661000 0.000024
4.662000 -0.000074
4.663000 -0.000171
4.664000 -0.000269
4.665000 -0.000366
4.666000 -0.000463
4.667000 -0.000560
4.668000 -0.000657
4.669000 -0.000754
4.670000 -0.000850
4.671000 -0.000947
4.672000 -0.001043
4.673000 -0.001139
4.674000 -0.001235
4.675000 -0.001331
4.676000 -0.001427
4.677000 -0.001523
4.678000 -0.001619
4.679000 -0.001714
4.680000 -0.001809
4.681000 -0.001905
4.682000 -0.002000
4.683000 -0.002095
4.684000 -0.002189
4.685000 -0.002284
4.686000 -0.002379
4.687000 -0.002473
4.688000 -0.002567
4.689000 -0.002661
4.690000 -0.002755
4.691000 -0.002849
4.692000 -0.002943
4.693000 -0.003037
4.694000 -0.003130
4.695000 -0.003223
4.696000 -0.003316
4.697000 -0.003409
4.698000 -0.003502
4.699000 -0.003595
4.700000 -0.003688
4.701000 -0.003780
4.702000 -0.003872
4.703000 -0.003964
4.704000 -0.004056
4.705000 -0.004148
4.706000 -0.004240
4.707000 -0.004331
4.708000 -0.004423
4.709000 -0.004514
4.710000 -0.004605
4.711000 -0.004696
4.712000 -0.004787
4.713000 -0.004877
4.714000 -0.004968
4.715000 -0.005058
4.716000 -0.005148
4.717000 -0.005238
4.718000 -0.005328
4.719000 -0.005418
4.720000 -0.005507
4.721000 -0.005597
4.722000 -0.005686
4.723000 -0.005775
4.724000 -0.005864
4.725000 -0.005952
4.726000 -0.006041
4.727000 -0.006129
4.728000 -0.006218
4.729000 -0.006306
4.730000 -0.006394
4.731000 -0.006481
4.732000 -0.006569
4.733000 -0.006656
4.734000 -0.006743
4.735000 -0.006830
4.736000 -0.006917
4.737000 -0.007004
4.738000 -0.007090
4.739000 -0.007177
4.740000 -0.007263
4.741000 -0.007349
4.742000 -0.007435
4.743000 -0.007520
4.744000 -0.007606
4.745000 -0.007691
4.746000 -0.007776
4.747000 -0.007861
4.748000 -0.007946
4.749000 -0.008031
4.750000 -0.008115
4.751000 -0.008199
4.752000 -0.008283
4.753000 -0.008367
4.754000 -0.008451
4.755000 -0.008534
4.756000 -0.008618
4.757000 -0.008701
4.758000 -0.008784
4.759000 -0.008866
4.760000 -0.008949
4.761000 -0.009031
4.762000 -0.009114
4.763000 -0.009196
4.764000 -0.009277
4.765000 -0.009359
4.766000 -0.009441
4.767000 -0.009522
4.768000 -0.009603
4.769000 -0.009684
4.770000 -0.009764
4.771000 -0.009845
4.772000 -0.009925
4.773000 -0.010005
4.774000 -0.010085
4.775000 -0.010165
4.776000 -0.010245
4.777000 -0.010324
4.778000 -0.010403
4.779000 -0.010482
4.780000 -0.010561
4.781000 -0.010639
4.782000 -0.010718
4.783000 -0.010796
4.784000 -0.010874
4.785000 -0.010952
4.786000 -0.011029
4.787000 -0.011106
4.788000 -0.011184
4.789000 -0.011261
4.790000 -0.011337
4.791000 -0.011414
4.792000 -0.011490
4.793000 -0.011566
4.794000 -0.011642
4.795000 -0.011718
4.796000 -0.011794
4.797000 -0.011869
4.798000 -0.011944
4.799000 -0.012019
4.800000 -0.012094
4.801000 -0.012168
4.802000 -0.012242
4.803000 -0.012317
4.804000 -0.012390
4.805000 -0.012464
4.806000 -0.012538
4.807000 -0.012611
4.808000 -0.012684
4.809000 -0.012757
4.810000 -0.012829
4.811000 -0.012902
4.812000 -0.012974
4.813000 -0.013046
4.814000 -0.013118
4.815000 -0.013189
4.816000 -0.013260
4.817000 -0.013332
4.818000 -0.013402
4.819000 -0.013473
4.820000 -0.013544
4.821000 -0.013614
4.822000 -0.013684
4.823000 -0.013754
4.824000 -0.013823
4.825000 -0.013893
4.826000 -0.013962
4.827000 -0.014031
4.828000 -0.014099
4.829000 -0.014168
4.830000 -0.014236
4.831000 -0.014304
4.832000 -0.014372
4.833000 -0.014440
4.834000 -0.014507
4.835000 -0.014574
4.836000 -0.014641
4.837000 -0.014708
4.838000 -0.014775
4.839000 -0.014841
4.840000 -0.014907
4.841000 -0.014973
4.842000 -0.015038
4.843000 -0.015104
4.844000 -0.015169
4.845000 -0.015234
4.846000 -0.015299
4.847000 -0.015363
4.848000 -0.015427
4.849000 -0.015491
4.850000 -0.015555
4.851000 -0.015619
4.852000 -0.015682
4.853000 -0.015745
4.854000 -0.015808
4.855000 -0.015871
4.856000 -0.015933
4.857000 -0.015995
4.858000 -0.016057
4.859000 -0.016119
4.860000 -0.016180
4.861000 -0.016242
4.862000 -0.016303
4.863000 -0.016363
4.864000 -0.016424
4.865000 -0.016484
4.866000 -0.016544
4.867000 -0.016604
4.868000 -0.016664
4.869000 -0.016723
4.870000 -0.016783
4.871000 -0.016841
4.872000 -0.016900
4.873000 -0.016959
4.874000 -0.017017
4.875000 -0.017075
4.876000 -0.017133
4.877000 -0.017190
4.878000 -0.017247
4.879000 -0.017304
4.880000 -0.017361
4.881000 -0.017418
4.882000 -0.017474
4.883000 -0.017530
4.884000 -0.017586
4.885000 -0.017642
4.886000 -0.017697
4.887000 -0.017752
4.888000 -0.017807
4.889000 -0.017862
4.890000 -0.017916
4.891000 -0.017970
4.892000 -0.018024
4.893000 -0.018078
4.894000 -0.018131
4.895000 -0.018185
4.896000 -0.018238
4.897000 -0.018290
4.898000 -0.018343
4.899000 -0.018395
4.900000 -0.018447
4.901000 -0.018499
4.902000 -0.018550
4.903000 -0.018602
4.904000 -0.018653
4.905000 -0.018703
4.906000 -0.018754
4.907000 -0.018804
4.908000 -0.018854
4.909000 -0.018904
4.910000 -0.018954
4.911000 -0.019003
4.912000 -0.019052
4.913000 -0.019101
4.914000 -0.019149
4.915000 -0.019198
4.916000 -0.019246
4.917000 -0.019294
4.918000 -0.019341
4.919000 -0.019389
4.920000 -0.019436
4.921000 -0.019483
4.922000 -0.019529
4.923000 -0.019576
4.924000 -0.019622
4.925000 -0.019668
4.926000 -0.019713
4.927000 -0.019759
4.928000 -0.019804
4.929000 -0.019849
4.930000 -0.019893
4.931000 -0.019938
4.932000 -0.019982
4.933000 -0.020026
4.934000 -0.020069
4.935000 -0.020113
4.936000 -0.020156
4.937000 -0.020199
4.938000 -0.020241
4.939000 -0.020284
4.940000 -0.020326
4.941000 -0.020368
4.942000 -0.020409
4.943000 -0.020451
4.944000 -0.020492
4.945000 -0.020533
4.946000 -0.020573
4.947000 -0.020614
4.948000 -0.020654
4.949000 -0.020694
4.950000 -0.020734
4.951000 -0.020773
4.952000 -0.020812
4.953000 -0.020851
4.954000 -0.020890
4.955000 -0.020928
4.956000 -0.020966
4.957000 -0.021004
4.958000 -0.021042
4.959000 -0.021079
4.960000 -0.021116
4.961000 -0.021153
4.962000 -0.021190
4.963000 -0.021226
4.964000 -0.021262
4.965000 -0.021298
4.966000 -0.021334
4.967000 -0.021369
4.968000 -0.021404
4.969000 -0.021439
4.970000 -0.021474
4.971000 -0.021508
4.972000 -0.021542
4.973000 -0.021576
4.974000 -0.021610
4.975000 -0.021643
4.976000 -0.021676
4.977000 -0.021709
4.978000 -0.021742
4.979000 -0.021774
4.980000 -0.021806
4.981000 -0.021838
4.982000 -0.021870
4.983000 -0.021901
4.984000 -0.021932
4.985000 -0.021963
4.986000 -0.021994
4.987000 -0.022024
4.988000 -0.022054
4.989000 -0.022084
4.990000 -0.022114
4.991000 -0.022143
4.992000 -0.022172
4.993000 -0.022201
4.994000 -0.022229
4.995000 -0.022258
4.996000 -0.022286
4.997000 -0.022314
4.998000 -0.022341
4.999000 -0.022369
