0.000000 0.000000
0.001000 -0.004900
0.002000 -0.009794
0.003000 -0.014682
0.004000 -0.019565
0.005000 -0.024441
0.006000 -0.029311
0.007000 -0.034175
0.008000 -0.039033
0.009000 -0.043885
0.010000 -0.048731
0.011000 -0.053570
0.012000 -0.058403
0.013000 -0.063230
0.014000 -0.068050
0.015000 -0.072864
0.016000 -0.077672
0.017000 -0.082473
0.018000 -0.087267
0.019000 -0.092055
0.020000 -0.096837
0.021000 -0.101611
0.022000 -0.106379
0.023000 -0.111141
0.024000 -0.115895
0.025000 -0.120643
0.026000 -0.125384
0.027000 -0.130118
0.028000 -0.134845
0.029000 -0.139566
0.030000 -0.144279
0.031000 -0.148985
0.032000 -0.153684
0.033000 -0.158376
0.034000 -0.163061
0.035000 -0.167739
0.036000 -0.172410
0.037000 -0.177073
0.038000 -0.181729
0.039000 -0.186377
0.040000 -0.191019
0.041000 -0.195653
0.042000 -0.200279
0.043000 -0.204898
0.044000 -0.209510
0.045000 -0.214114
0.046000 -0.218710
0.047000 -0.223299
0.048000 -0.227880
0.049000 -0.232454
0.050000 -0.237019
0.051000 -0.241577
0.052000 -0.246127
0.053000 -0.250670
0.054000 -0.255204
0.055000 -0.259731
0.056000 -0.264249
0.057000 -0.268760
0.058000 -0.273263
0.059000 -0.277758
0.060000 -0.282244
0.061000 -0.286723
0.062000 -0.291193
0.063000 -0.295655
0.064000 -0.300109
0.065000 -0.304555
0.066000 -0.308992
0.067000 -0.313421
0.068000 -0.317842
0.069000 -0.322254
0.070000 -0.326658
0.071000 -0.331054
0.072000 -0.335441
0.073000 -0.339820
0.074000 -0.344190
0.075000 -0.348551
0.076000 -0.352904
0.077000 -0.357248
0.078000 -0.361584
0.079000 -0.365911
0.080000 -0.370229
0.081000 -0.374538
0.082000 -0.378838
0.083000 -0.383130
0.084000 -0.387413
0.085000 -0.391687
0.086000 -0.395952
0.087000 -0.400208
0.088000 -0.404455
0.089000 -0.408693
0.090000 -0.412922
0.091000 -0.417142
0.092000 -0.421353
0.093000 -0.425555
0.094000 -0.429747
0.095000 -0.433930
0.096000 -0.438104
0.097000 -0.442269
0.098000 -0.446425
0.099000 -0.450571
0.100000 -0.454708
0.101000 -0.458835
0.102000 -0.462953
0.103000 -0.467062
0.104000 -0.471161
0.105000 -0.475251
0.106000 -0.479331
0.107000 -0.483401
0.108000 -0.487462
0.109000 -0.491514
0.110000 -0.495555
0.111000 -0.499588
0.112000 -0.503610
0.113000 -0.507623
0.114000 -0.511626
0.115000 -0.515619
0.116000 -0.519602
0.117000 -0.523575
0.118000 -0.527539
0.119000 -0.531493
0.120000 -0.535437
0.121000 -0.539371
0.122000 -0.543294
0.123000 -0.547208
0.124000 -0.551112
0.125000 -0.555006
0.126000 -0.558890
0.127000 -0.562764
0.128000 -0.566627
0.129000 -0.570481
0.130000 -0.574324
0.131000 -0.578157
0.132000 -0.581980
0.133000 -0.585792
0.134000 -0.589594
0.135000 -0.593386
0.136000 -0.597168
0.137000 -0.600939
0.138000 -0.604700
0.139000 -0.608451
0.140000 -0.612191
0.141000 -0.615920
0.142000 -0.619640
0.143000 -0.623348
0.144000 -0.627046
0.145000 -0.630734
0.146000 -0.634411
0.147000 -0.638077
0.148000 -0.641733
0.149000 -0.645378
0.150000 -0.649013
0.151000 -0.652637
0.152000 -0.656250
0.153000 -0.659852
0.154000 -0.663444
0.155000 -0.667025
0.156000 -0.670595
0.157000 -0.674154
0.158000 -0.677702
0.159000 -0.681240
0.160000 -0.684766
0.161000 -0.688282
0.162000 -0.691787
0.163000 -0.695281
0.164000 -0.698763
0.165000 -0.702235
0.166000 -0.705696
0.167000 -0.709146
0.168000 -0.712585
0.169000 -0.716012
0.170000 -0.719429
0.171000 -0.722835
0.172000 -0.726229
0.173000 -0.729612
0.174000 -0.732984
0.175000 -0.736345
0.176000 -0.739694
0.177000 -0.743033
0.178000 -0.746360
0.179000 -0.749676
0.180000 -0.752980
0.181000 -0.756274
0.182000 -0.759555
0.183000 -0.762826
0.184000 -0.766085
0.185000 -0.769333
0.186000 -0.772569
0.187000 -0.775794
0.188000 -0.779008
0.189000 -0.782210
0.190000 -0.785400
0.191000 -0.788579
0.192000 -0.791747
0.193000 -0.794903
0.194000 -0.798048
0.195000 -0.801181
0.196000 -0.804302
0.197000 -0.807412
0.198000 -0.810510
0.199000 -0.813596
0.200000 -0.816671
0.201000 -0.819734
0.202000 -0.822786
0.203000 -0.825826
0.204000 -0.828854
0.205000 -0.831870
0.206000 -0.834875
0.207000 -0.837868
0.208000 -0.840849
0.209000 -0.843818
0.210000 -0.846776
0.211000 -0.849721
0.212000 -0.852655
0.213000 -0.855577
0.214000 -0.858488
0.215000 -0.861386
0.216000 -0.864272
0.217000 -0.867147
0.218000 -0.870009
0.219000 -0.872860
0.220000 -0.875699
0.221000 -0.878525
0.222000 -0.881340
0.223000 -0.884143
0.224000 -0.886934
0.225000 -0.889712
0.226000 -0.892479
0.227000 -0.895234
0.228000 -0.897976
0.229000 -0.900707
0.230000 -0.903426
0.231000 -0.906132
0.232000 -0.908826
0.233000 -0.911508
0.234000 -0.914179
0.235000 -0.916836
0.236000 -0.919482
0.237000 -0.922116
0.238000 -0.924737
0.239000 -0.927347
0.240000 -0.929944
0.241000 -0.932529
0.242000 -0.935101
0.243000 -0.937662
0.244000 -0.940210
0.245000 -0.942746
0.246000 -0.945269
0.247000 -0.947781
0.248000 -0.950280
0.249000 -0.952767
0.250000 -0.955241
0.251000 -0.957704
0.252000 -0.960154
0.253000 -0.962591
0.254000 -0.965017
0.255000 -0.967429
0.256000 -0.969830
0.257000 -0.972218
0.258000 -0.974594
0.259000 -0.976958
0.260000 -0.979309
0.261000 -0.981647
0.262000 -0.983974
0.263000 -0.986288
0.264000 -0.988589
0.265000 -0.990878
0.266000 -0.993155
0.267000 -0.995419
0.268000 -0.997670
0.269000 -0.999910
0.270000 -1.002136
0.271000 -1.004351
0.272000 -1.006553
0.273000 -1.008742
0.274000 -1.010919
0.275000 -1.013083
0.276000 -1.015235
0.277000 -1.017374
0.278000 -1.019501
0.279000 -1.021615
0.280000 -1.023717
0.281000 -1.025806
0.282000 -1.027883
0.283000 -1.029947
0.284000 -1.031999
0.285000 -1.034038
0.286000 -1.036064
0.287000 -1.038078
0.288000 -1.040080
0.289000 -1.042068
0.290000 -1.044045
0.291000 -1.046008
0.292000 -1.047959
0.293000 -1.049898
0.294000 -1.051824
0.295000 -1.053737
0.296000 -1.055637
0.297000 -1.057526
0.298000 -1.059401
0.299000 -1.061264
0.300000 -1.063114
0.301000 -1.064951
0.302000 -1.066776
0.303000 -1.068589
0.304000 -1.070388
0.305000 -1.072175
0.306000 -1.073950
0.307000 -1.075712
0.308000 -1.077461
0.309000 -1.079197
0.310000 -1.080921
0.311000 -1.082632
0.312000 -1.084331
0.313000 -1.086017
0.314000 -1.087690
0.315000 -1.089351
0.316000 -1.090999
0.317000 -1.092634
0.318000 -1.094257
0.319000 -1.095867
0.320000 -1.097464
0.321000 -1.099049
0.322000 -1.100621
0.323000 -1.102180
0.324000 -1.103727
0.325000 -1.105261
0.326000 -1.106782
0.327000 -1.108291
0.328000 -1.109787
0.329000 -1.111271
0.330000 -1.112741
0.331000 -1.114200
0.332000 -1.115645
0.333000 -1.117078
0.334000 -1.118498
0.335000 -1.119905
0.336000 -1.121300
0.337000 -1.122683
0.338000 -1.124052
0.339000 -1.125409
0.340000 -1.126753
0.341000 -1.128085
0.342000 -1.129404
0.343000 -1.130710
0.344000 -1.132004
0.345000 -1.133285
0.346000 -1.134554
0.347000 -1.135809
0.348000 -1.137053
0.349000 -1.138283
0.350000 -1.139501
0.351000 -1.140706
0.352000 -1.141899
0.353000 -1.143079
0.354000 -1.144247
0.355000 -1.145402
0.356000 -1.146544
0.357000 -1.147674
0.358000 -1.148791
0.359000 -1.149895
0.360000 -1.150987
0.361000 -1.152067
0.362000 -1.153134
0.363000 -1.154188
0.364000 -1.155229
0.365000 -1.156259
0.366000 -1.157275
0.367000 -1.158279
0.368000 -1.159271
0.369000 -1.160249
0.370000 -1.161216
0.371000 -1.162170
0.372000 -1.163111
0.373000 -1.164040
0.374000 -1.164956
0.375000 -1.165860
0.376000 -1.166751
0.377000 -1.167630
0.378000 -1.168496
0.379000 -1.169350
0.380000 -1.170191
0.381000 -1.171020
0.382000 -1.171837
0.383000 -1.172640
0.384000 -1.173432
0.385000 -1.174211
0.386000 -1.174978
0.387000 -1.175732
0.388000 -1.176474
0.389000 -1.177203
0.390000 -1.177920
0.391000 -1.178624
0.392000 -1.179317
0.393000 -1.179996
0.394000 -1.180664
0.395000 -1.181319
0.396000 -1.181962
0.397000 -1.182592
0.398000 -1.183210
0.399000 -1.183816
0.400000 -1.184409
0.401000 -1.184990
0.402000 -1.185559
0.403000 -1.186115
0.404000 -1.186659
0.405000 -1.187191
0.406000 -1.187711
0.407000 -1.188218
0.408000 -1.188713
0.409000 -1.189196
0.410000 -1.189667
0.411000 -1.190125
0.412000 -1.190571
0.413000 -1.191005
0.414000 -1.191427
0.415000 -1.191837
0.416000 -1.192234
0.417000 -1.192620
0.418000 -1.192993
0.419000 -1.193354
0.420000 -1.193703
0.421000 -1.194040
0.422000 -1.194364
0.423000 -1.194677
0.424000 -1.194977
0.425000 -1.195266
0.426000 -1.195542
0.427000 -1.195807
0.428000 -1.196059
0.429000 -1.196299
0.430000 -1.196528
0.431000 -1.196744
0.432000 -1.196948
0.433000 -1.197140
0.434000 -1.197321
0.435000 -1.197489
0.436000 -1.197646
0.437000 -1.197790
0.438000 -1.197923
0.439000 -1.198044
0.440000 -1.198153
0.441000 -1.198250
0.442000 -1.198335
0.443000 -1.198408
0.444000 -1.198469
0.445000 -1.198519
0.446000 -1.198557
0.447000 -1.198583
0.448000 -1.198597
0.449000 -1.198600
0.450000 -1.198591
0.451000 -1.198570
0.452000 -1.198537
0.453000 -1.198493
0.454000 -1.198436
0.455000 -1.198369
0.456000 -1.198289
0.457000 -1.198198
0.458000 -1.198095
0.459000 -1.197981
0.460000 -1.197855
0.461000 -1.197718
0.462000 -1.197568
0.463000 -1.197408
0.464000 -1.197236
0.465000 -1.197052
0.466000 -1.196857
0.467000 -1.196650
0.468000 -1.196432
0.469000 -1.196202
0.470000 -1.195961
0.471000 -1.195708
0.472000 -1.195444
0.473000 -1.195169
0.474000 -1.194882
0.475000 -1.194584
0.476000 -1.194274
0.477000 -1.193954
0.478000 -1.193622
0.479000 -1.193278
0.480000 -1.192923
0.481000 -1.192557
0.482000 -1.192180
0.483000 -1.191792
0.484000 -1.191392
0.485000 -1.190981
0.486000 -1.190559
0.487000 -1.190126
0.488000 -1.189681
0.489000 -1.189226
0.490000 -1.188759
0.491000 -1.188281
0.492000 -1.187792
0.493000 -1.187293
0.494000 -1.186782
0.495000 -1.186260
0.496000 -1.185727
0.497000 -1.185183
0.498000 -1.184628
0.499000 -1.184062
0.500000 -1.183485
0.501000 -1.182898
0.502000 -1.182299
0.503000 -1.181690
0.504000 -1.181069
0.505000 -1.180438
0.506000 -1.179796
0.507000 -1.179143
0.508000 -1.178480
0.509000 -1.177806
0.510000 -1.177121
0.511000 -1.176425
0.512000 -1.175718
0.513000 -1.175001
0.514000 -1.174273
0.515000 -1.173535
0.516000 -1.172786
0.517000 -1.172026
0.518000 -1.171256
0.519000 -1.170475
0.520000 -1.169684
0.521000 -1.168882
0.522000 -1.168070
0.523000 -1.167247
0.524000 -1.166413
0.525000 -1.165570
0.526000 -1.164715
0.527000 -1.163851
0.528000 -1.162976
0.529000 -1.162091
0.530000 -1.161195
0.531000 -1.160289
0.532000 -1.159373
0.533000 -1.158446
0.534000 -1.157510
0.535000 -1.156563
0.536000 -1.155605
0.537000 -1.154638
0.538000 -1.153660
0.539000 -1.152673
0.540000 -1.151675
0.541000 -1.150667
0.542000 -1.149649
0.543000 -1.148621
0.544000 -1.147583
0.545000 -1.146535
0.546000 -1.145477
0.547000 -1.144409
0.548000 -1.143331
0.549000 -1.142243
0.550000 -1.141145
0.551000 -1.140037
0.552000 -1.138920
0.553000 -1.137792
0.554000 -1.136655
0.555000 -1.135508
0.556000 -1.134351
0.557000 -1.133185
0.558000 -1.132009
0.559000 -1.130823
0.560000 -1.129627
0.561000 -1.128422
0.562000 -1.127207
0.563000 -1.125983
0.564000 -1.124749
0.565000 -1.123505
0.566000 -1.122252
0.567000 -1.120990
0.568000 -1.119718
0.569000 -1.118436
0.570000 -1.117145
0.571000 -1.115845
0.572000 -1.114535
0.573000 -1.113216
0.574000 -1.111887
0.575000 -1.110550
0.576000 -1.109203
0.577000 -1.107846
0.578000 -1.106481
0.579000 -1.105106
0.580000 -1.103722
0.581000 -1.102329
0.582000 -1.100926
0.583000 -1.099515
0.584000 -1.098094
0.585000 -1.096665
0.586000 -1.095226
0.587000 -1.093779
0.588000 -1.092322
0.589000 -1.090856
0.590000 -1.089382
0.591000 -1.087898
0.592000 -1.086406
0.593000 -1.084905
0.594000 -1.083394
0.595000 -1.081876
0.596000 -1.080348
0.597000 -1.078811
0.598000 -1.077266
0.599000 -1.075712
0.600000 -1.074149
0.601000 -1.072578
0.602000 -1.070998
0.603000 -1.069410
0.604000 -1.067812
0.605000 -1.066207
0.606000 -1.064592
0.607000 -1.062970
0.608000 -1.061338
0.609000 -1.059699
0.610000 -1.058051
0.611000 -1.056394
0.612000 -1.054729
0.613000 -1.053056
0.614000 -1.051374
0.615000 -1.049684
0.616000 -1.047986
0.617000 -1.046280
0.618000 -1.044565
0.619000 -1.042842
0.620000 -1.041111
0.621000 -1.039372
0.622000 -1.037625
0.623000 -1.035869
0.624000 -1.034106
0.625000 -1.032334
0.626000 -1.030555
0.627000 -1.028767
0.628000 -1.026972
0.629000 -1.025169
0.630000 -1.023357
0.631000 -1.021538
0.632000 -1.019711
0.633000 -1.017876
0.634000 -1.016034
0.635000 -1.014183
0.636000 -1.012325
0.637000 -1.010460
0.638000 -1.008586
0.639000 -1.006705
0.640000 -1.004816
0.641000 -1.002920
0.642000 -1.001016
0.643000 -0.999104
0.644000 -0.997185
0.645000 -0.995259
0.646000 -0.993325
0.647000 -0.991384
0.648000 -0.989435
0.649000 -0.987479
0.650000 -0.985515
0.651000 -0.983544
0.652000 -0.981566
0.653000 -0.979581
0.654000 -0.977588
0.655000 -0.975589
0.656000 -0.973582
0.657000 -0.971567
0.658000 -0.969546
0.659000 -0.967518
0.660000 -0.965482
0.661000 -0.963440
0.662000 -0.961390
0.663000 -0.959334
0.664000 -0.957270
0.665000 -0.955200
0.666000 -0.953123
0.667000 -0.951039
0.668000 -0.948948
0.669000 -0.946850
0.670000 -0.944745
0.671000 -0.942634
0.672000 -0.940516
0.673000 -0.938391
0.674000 -0.936260
0.675000 -0.934122
0.676000 -0.931977
0.677000 -0.929826
0.678000 -0.927668
0.679000 -0.925504
0.680000 -0.923333
0.681000 -0.921156
0.682000 -0.918972
0.683000 -0.916782
0.684000 -0.914586
0.685000 -0.912383
0.686000 -0.910174
0.687000 -0.907958
0.688000 -0.905736
0.689000 -0.903509
0.690000 -0.901274
0.691000 -0.899034
0.692000 -0.896788
0.693000 -0.894535
0.694000 -0.892276
0.695000 -0.890012
0.696000 -0.887741
0.697000 -0.885464
0.698000 -0.883182
0.699000 -0.880893
0.700000 -0.878598
0.701000 -0.876298
0.702000 -0.873992
0.703000 -0.871680
0.704000 -0.869362
0.705000 -0.867038
0.706000 -0.864709
0.707000 -0.862374
0.708000 -0.860033
0.709000 -0.857686
0.710000 -0.855334
0.711000 -0.852977
0.712000 -0.850614
0.713000 -0.848245
0.714000 -0.845871
0.715000 -0.843491
0.716000 -0.841106
0.717000 -0.838716
0.718000 -0.836320
0.719000 -0.833919
0.720000 -0.831512
0.721000 -0.829100
0.722000 -0.826683
0.723000 -0.824261
0.724000 -0.821834
0.725000 -0.819401
0.726000 -0.816963
0.727000 -0.814520
0.728000 -0.812073
0.729000 -0.809620
0.730000 -0.807162
0.731000 -0.804699
0.732000 -0.802231
0.733000 -0.799758
0.734000 -0.797280
0.735000 -0.794797
0.736000 -0.792310
0.737000 -0.789818
0.738000 -0.787321
0.739000 -0.784819
0.740000 -0.782312
0.741000 -0.779801
0.742000 -0.777285
0.743000 -0.774765
0.744000 -0.772240
0.745000 -0.769710
0.746000 -0.767176
0.747000 -0.764638
0.748000 -0.762094
0.749000 -0.759547
0.750000 -0.756995
0.751000 -0.754439
0.752000 -0.751878
0.753000 -0.749313
0.754000 -0.746744
0.755000 -0.744170
0.756000 -0.741592
0.757000 -0.739010
0.758000 -0.736424
0.759000 -0.733834
0.760000 -0.731239
0.761000 -0.728641
0.762000 -0.726038
0.763000 -0.723432
0.764000 -0.720821
0.765000 -0.718207
0.766000 -0.715588
0.767000 -0.712966
0.768000 -0.710340
0.769000 -0.707710
0.770000 -0.705076
0.771000 -0.702438
0.772000 -0.699797
0.773000 -0.697152
0.774000 -0.694503
0.775000 -0.691851
0.776000 -0.689195
0.777000 -0.686535
0.778000 -0.683872
0.779000 -0.681205
0.780000 -0.678535
0.781000 -0.675861
0.782000 -0.673184
0.783000 -0.670504
0.784000 -0.667820
0.785000 -0.665133
0.786000 -0.662442
0.787000 -0.659748
0.788000 -0.657051
0.789000 -0.654351
0.790000 -0.651647
0.791000 -0.648940
0.792000 -0.646230
0.793000 -0.643517
0.794000 -0.640801
0.795000 -0.638082
0.796000 -0.635360
0.797000 -0.632635
0.798000 -0.629907
0.799000 -0.627176
0.800000 -0.624442
0.801000 -0.621705
0.802000 -0.618966
0.803000 -0.616223
0.804000 -0.613478
0.805000 -0.610730
0.806000 -0.607980
0.807000 -0.605226
0.808000 -0.602470
0.809000 -0.599712
0.810000 -0.596951
0.811000 -0.594187
0.812000 -0.591421
0.813000 -0.588652
0.814000 -0.585881
0.815000 -0.583107
0.816000 -0.580331
0.817000 -0.577552
0.818000 -0.574771
0.819000 -0.571988
0.820000 -0.569203
0.821000 -0.566415
0.822000 -0.563625
0.823000 -0.560833
0.824000 -0.558039
0.825000 -0.555242
0.826000 -0.552444
0.827000 -0.549643
0.828000 -0.546840
0.829000 -0.544035
0.830000 -0.541229
0.831000 -0.538420
0.832000 -0.535609
0.833000 -0.532797
0.834000 -0.529982
0.835000 -0.527166
0.836000 -0.524348
0.837000 -0.521528
0.838000 -0.518707
0.839000 -0.515883
0.840000 -0.513058
0.841000 -0.510231
0.842000 -0.507403
0.843000 -0.504573
0.844000 -0.501742
0.845000 -0.498909
0.846000 -0.496074
0.847000 -0.493238
0.848000 -0.490400
0.849000 -0.487561
0.850000 -0.484721
0.851000 -0.481879
0.852000 -0.479036
0.853000 -0.476192
0.854000 -0.473346
0.855000 -0.470499
0.856000 -0.467651
0.857000 -0.464802
0.858000 -0.461951
0.859000 -0.459100
0.860000 -0.456247
0.861000 -0.453393
0.862000 -0.450538
0.863000 -0.447682
0.864000 -0.444826
0.865000 -0.441968
0.866000 -0.439109
0.867000 -0.436249
0.868000 -0.433389
0.869000 -0.430527
0.870000 -0.427665
0.871000 -0.424802
0.872000 -0.421939
0.873000 -0.419074
0.874000 -0.416209
0.875000 -0.413343
0.876000 -0.410477
0.877000 -0.407610
0.878000 -0.404742
0.879000 -0.401874
0.880000 -0.399005
0.881000 -0.396136
0.882000 -0.393266
0.883000 -0.390396
0.884000 -0.387526
0.885000 -0.384655
0.886000 -0.381783
0.887000 -0.378912
0.888000 -0.376040
0.889000 -0.373168
0.890000 -0.370295
0.891000 -0.367423
0.892000 -0.364550
0.893000 -0.361677
0.894000 -0.358804
0.895000 -0.355931
0.896000 -0.353058
0.897000 -0.350184
0.898000 -0.347311
0.899000 -0.344438
0.900000 -0.341565
0.901000 -0.338691
0.902000 -0.335818
0.903000 -0.332945
0.904000 -0.330073
0.905000 -0.327200
0.906000 -0.324328
0.907000 -0.321456
0.908000 -0.318584
0.909000 -0.315712
0.910000 -0.312841
0.911000 -0.309970
0.912000 -0.307100
0.913000 -0.304229
0.914000 -0.301360
0.915000 -0.298491
0.916000 -0.295622
0.917000 -0.292754
0.918000 -0.289886
0.919000 -0.287019
0.920000 -0.284152
0.921000 -0.281287
0.922000 -0.278421
0.923000 -0.275557
0.924000 -0.272693
0.925000 -0.269830
0.926000 -0.266968
0.927000 -0.264106
0.928000 -0.261245
0.929000 -0.258386
0.930000 -0.255527
0.931000 -0.252669
0.932000 -0.249811
0.933000 -0.246955
0.934000 -0.244100
0.935000 -0.241246
0.936000 -0.238392
0.937000 -0.235540
0.938000 -0.232689
0.939000 -0.229839
0.940000 -0.226991
0.941000 -0.224143
0.942000 -0.221297
0.943000 -0.218451
0.944000 -0.215607
0.945000 -0.212765
0.946000 -0.209923
0.947000 -0.207083
0.948000 -0.204244
0.949000 -0.201407
0.950000 -0.198571
0.951000 -0.195737
0.952000 -0.192904
0.953000 -0.190072
0.954000 -0.187242
0.955000 -0.184413
0.956000 -0.181586
0.957000 -0.178761
0.958000 -0.175937
0.959000 -0.173115
0.960000 -0.170295
0.961000 -0.167476
0.962000 -0.164659
0.963000 -0.161843
0.964000 -0.159030
0.965000 -0.156218
0.966000 -0.153408
0.967000 -0.150600
0.968000 -0.147794
0.969000 -0.144989
0.970000 -0.142187
0.971000 -0.139386
0.972000 -0.136588
0.973000 -0.133791
0.974000 -0.130997
0.975000 -0.128204
0.976000 -0.125414
0.977000 -0.122625
0.978000 -0.119839
0.979000 -0.117055
0.980000 -0.114273
0.981000 -0.111494
0.982000 -0.108716
0.983000 -0.105941
0.984000 -0.103168
0.985000 -0.100397
0.986000 -0.097629
0.987000 -0.094863
0.988000 -0.092099
0.989000 -0.089338
0.990000 -0.086579
0.991000 -0.083822
0.992000 -0.081068
0.993000 -0.078317
0.994000 -0.075568
0.995000 -0.072821
0.996000 -0.070077
0.997000 -0.067336
0.998000 -0.064597
0.999000 -0.061861
1.000000 -0.059128
1.001000 -0.056397
1.002000 -0.053669
1.003000 -0.050943
1.004000 -0.048221
1.005000 -0.045501
1.006000 -0.042784
1.007000 -0.040070
1.008000 -0.037358
1.009000 -0.034650
1.010000 -0.031944
1.011000 -0.029241
1.012000 -0.026541
1.013000 -0.023845
1.014000 -0.021151
1.015000 -0.018460
1.016000 -0.015772
1.017000 -0.013087
1.018000 -0.010405
1.019000 -0.007727
1.020000 -0.005051
1.021000 -0.002379
1.022000 0.000291
1.023000 0.002957
1.024000 0.005620
1.025000 0.008279
1.026000 0.010936
1.027000 0.013589
1.028000 0.016239
1.029000 0.018885
1.030000 0.021529
1.031000 0.024168
1.032000 0.026805
1.033000 0.029438
1.034000 0.032068
1.035000 0.034694
1.036000 0.037317
1.037000 0.039936
1.038000 0.042552
1.039000 0.045164
1.040000 0.047773
1.041000 0.050378
1.042000 0.052979
1.043000 0.055577
1.044000 0.058171
1.045000 0.060762
1.046000 0.063349
1.047000 0.065932
1.048000 0.068511
1.049000 0.071087
1.050000 0.073659
1.051000 0.076227
1.052000 0.078792
1.053000 0.081352
1.054000 0.083909
1.055000 0.086462
1.056000 0.089011
1.057000 0.091556
1.058000 0.094097
1.059000 0.096634
1.060000 0.099168
1.061000 0.101697
1.062000 0.104222
1.063000 0.106743
1.064000 0.109260
1.065000 0.111774
1.066000 0.114283
1.067000 0.116788
1.068000 0.119288
1.069000 0.121785
1.070000 0.124277
1.071000 0.126766
1.072000 0.129250
1.073000 0.131730
1.074000 0.134205
1.075000 0.136677
1.076000 0.139144
1.077000 0.141606
1.078000 0.144065
1.079000 0.146519
1.080000 0.148969
1.081000 0.151414
1.082000 0.153855
1.083000 0.156292
1.084000 0.158724
1.085000 0.161152
1.086000 0.163575
1.087000 0.165994
1.088000 0.168408
1.089000 0.170818
1.090000 0.173223
1.091000 0.175623
1.092000 0.178019
1.093000 0.180411
1.094000 0.182798
1.095000 0.185180
1.096000 0.187557
1.097000 0.189930
1.098000 0.192298
1.099000 0.194662
1.100000 0.197021
1.101000 0.199375
1.102000 0.201724
1.103000 0.204068
1.104000 0.206408
1.105000 0.208743
1.106000 0.211073
1.107000 0.213398
1.108000 0.215719
1.109000 0.218034
1.110000 0.220345
1.111000 0.222650
1.112000 0.224951
1.113000 0.227247
1.114000 0.229538
1.115000 0.231824
1.116000 0.234105
1.117000 0.236381
1.118000 0.238651
1.119000 0.240917
1.120000 0.243178
1.121000 0.245434
1.122000 0.247684
1.123000 0.249930
1.124000 0.252170
1.125000 0.254405
1.126000 0.256635
1.127000 0.258860
1.128000 0.261080
1.129000 0.263295
1.130000 0.265504
1.131000 0.267708
1.132000 0.269907
1.133000 0.272100
1.134000 0.274289
1.135000 0.276472
1.136000 0.278649
1.137000 0.280822
1.138000 0.282989
1.139000 0.285150
1.140000 0.287307
1.141000 0.289458
1.142000 0.291603
1.143000 0.293743
1.144000 0.295878
1.145000 0.298007
1.146000 0.300131
1.147000 0.302249
1.148000 0.304362
1.149000 0.306470
1.150000 0.308572
1.151000 0.310668
1.152000 0.312759
1.153000 0.314844
1.154000 0.316923
1.155000 0.318998
1.156000 0.321066
1.157000 0.323129
1.158000 0.325186
1.159000 0.327238
1.160000 0.329284
1.161000 0.331324
1.162000 0.333359
1.163000 0.335388
1.164000 0.337411
1.165000 0.339428
1.166000 0.341440
1.167000 0.343446
1.168000 0.345446
1.169000 0.347441
1.170000 0.349430
1.171000 0.351413
1.172000 0.353390
1.173000 0.355361
1.174000 0.357327
1.175000 0.359286
1.176000 0.361240
1.177000 0.363188
1.178000 0.365130
1.179000 0.367066
1.180000 0.368997
1.181000 0.370921
1.182000 0.372840
1.183000 0.374752
1.184000 0.376659
1.185000 0.378559
1.186000 0.380454
1.187000 0.382342
1.188000 0.384225
1.189000 0.386102
1.190000 0.387972
1.191000 0.389837
1.192000 0.391696
1.193000 0.393548
1.194000 0.395394
1.195000 0.397235
1.196000 0.399069
1.197000 0.400897
1.198000 0.402719
1.199000 0.404535
1.200000 0.406345
1.201000 0.408149
1.202000 0.409947
1.203000 0.411738
1.204000 0.413523
1.205000 0.415302
1.206000 0.417075
1.207000 0.418842
1.208000 0.420602
1.209000 0.422357
1.210000 0.424105
1.211000 0.425846
1.212000 0.427582
1.213000 0.429311
1.214000 0.431034
1.215000 0.432751
1.216000 0.434461
1.217000 0.436166
1.218000 0.437863
1.219000 0.439555
1.220000 0.441240
1.221000 0.442919
1.222000 0.444592
1.223000 0.446258
1.224000 0.447918
1.225000 0.449571
1.226000 0.451218
1.227000 0.452859
1.228000 0.454493
1.229000 0.456121
1.230000 0.457743
1.231000 0.459358
1.232000 0.460967
1.233000 0.462569
1.234000 0.464165
1.235000 0.465754
1.236000 0.467337
1.237000 0.468914
1.238000 0.470484
1.239000 0.472047
1.240000 0.473604
1.241000 0.475155
1.242000 0.476699
1.243000 0.478236
1.244000 0.479767
1.245000 0.481292
1.246000 0.482810
1.247000 0.484321
1.248000 0.485826
1.249000 0.487324
1.250000 0.488816
1.251000 0.490301
1.252000 0.491780
1.253000 0.493252
1.254000 0.494717
1.255000 0.496176
1.256000 0.497628
1.257000 0.499074
1.258000 0.500513
1.259000 0.501946
1.260000 0.503371
1.261000 0.504791
1.262000 0.506203
1.263000 0.507609
1.264000 0.509008
1.265000 0.510401
1.266000 0.511787
1.267000 0.513166
1.268000 0.514539
1.269000 0.515905
1.270000 0.517264
1.271000 0.518616
1.272000 0.519962
1.273000 0.521301
1.274000 0.522634
1.275000 0.523960
1.276000 0.525279
1.277000 0.526591
1.278000 0.527896
1.279000 0.529195
1.280000 0.530487
1.281000 0.531773
1.282000 0.533052
1.283000 0.534323
1.284000 0.535589
1.285000 0.536847
1.286000 0.538099
1.287000 0.539344
1.288000 0.540582
1.289000 0.541813
1.290000 0.543038
1.291000 0.544255
1.292000 0.545466
1.293000 0.546671
1.294000 0.547868
1.295000 0.549059
1.296000 0.550243
1.297000 0.551420
1.298000 0.552590
1.299000 0.553753
1.300000 0.554910
1.301000 0.556060
1.302000 0.557203
1.303000 0.558339
1.304000 0.559468
1.305000 0.560591
1.306000 0.561706
1.307000 0.562815
1.308000 0.563917
1.309000 0.565012
1.310000 0.566101
1.311000 0.567182
1.312000 0.568257
1.313000 0.569325
1.314000 0.570386
1.315000 0.571440
1.316000 0.572487
1.317000 0.573527
1.318000 0.574561
1.319000 0.575588
1.320000 0.576607
1.321000 0.577620
1.322000 0.578626
1.323000 0.579626
1.324000 0.580618
1.325000 0.581603
1.326000 0.582582
1.327000 0.583554
1.328000 0.584518
1.329000 0.585476
1.330000 0.586428
1.331000 0.587372
1.332000 0.588309
1.333000 0.589239
1.334000 0.590163
1.335000 0.591080
1.336000 0.591990
1.337000 0.592892
1.338000 0.593788
1.339000 0.594678
1.340000 0.595560
1.341000 0.596435
1.342000 0.597304
1.343000 0.598165
1.344000 0.599020
1.345000 0.599868
1.346000 0.600709
1.347000 0.601543
1.348000 0.602370
1.349000 0.603190
1.350000 0.604004
1.351000 0.604810
1.352000 0.605610
1.353000 0.606402
1.354000 0.607188
1.355000 0.607967
1.356000 0.608739
1.357000 0.609504
1.358000 0.610263
1.359000 0.611014
1.360000 0.611759
1.361000 0.612496
1.362000 0.613227
1.363000 0.613951
1.364000 0.614668
1.365000 0.615378
1.366000 0.616081
1.367000 0.616778
1.368000 0.617467
1.369000 0.618150
1.370000 0.618826
1.371000 0.619495
1.372000 0.620157
1.373000 0.620812
1.374000 0.621460
1.375000 0.622102
1.376000 0.622736
1.377000 0.623364
1.378000 0.623985
1.379000 0.624599
1.380000 0.625206
1.381000 0.625806
1.382000 0.626400
1.383000 0.626986
1.384000 0.627566
1.385000 0.628139
1.386000 0.628705
1.387000 0.629264
1.388000 0.629817
1.389000 0.630362
1.390000 0.630901
1.391000 0.631433
1.392000 0.631958
1.393000 0.632477
1.394000 0.632988
1.395000 0.633493
1.396000 0.633991
1.397000 0.634482
1.398000 0.634966
1.399000 0.635443
1.400000 0.635914
1.401000 0.636378
1.402000 0.636835
1.403000 0.637285
1.404000 0.637729
1.405000 0.638166
1.406000 0.638596
1.407000 0.639019
1.408000 0.639435
1.409000 0.639845
1.410000 0.640248
1.411000 0.640644
1.412000 0.641033
1.413000 0.641416
1.414000 0.641792
1.415000 0.642161
1.416000 0.642524
1.417000 0.642879
1.418000 0.643228
1.419000 0.643571
1.420000 0.643906
1.421000 0.644235
1.422000 0.644557
1.423000 0.644873
1.424000 0.645181
1.425000 0.645484
1.426000 0.645779
1.427000 0.646068
1.428000 0.646350
1.429000 0.646625
1.430000 0.646894
1.431000 0.647156
1.432000 0.647411
1.433000 0.647660
1.434000 0.647902
1.435000 0.648137
1.436000 0.648366
1.437000 0.648588
1.438000 0.648804
1.439000 0.649013
1.440000 0.649215
1.441000 0.649411
1.442000 0.649600
1.443000 0.649783
1.444000 0.649959
1.445000 0.650128
1.446000 0.650291
1.447000 0.650447
1.448000 0.650597
1.449000 0.650740
1.450000 0.650877
1.451000 0.651007
1.452000 0.651130
1.453000 0.651247
1.454000 0.651358
1.455000 0.651462
1.456000 0.651559
1.457000 0.651650
1.458000 0.651734
1.459000 0.651812
1.460000 0.651884
1.461000 0.651949
1.462000 0.652007
1.463000 0.652059
1.464000 0.652105
1.465000 0.652144
1.466000 0.652177
1.467000 0.652203
1.468000 0.652223
1.469000 0.652237
1.470000 0.652244
1.471000 0.652244
1.472000 0.652239
1.473000 0.652227
1.474000 0.652208
1.475000 0.652183
1.476000 0.652152
1.477000 0.652114
1.478000 0.652071
1.479000 0.652020
1.480000 0.651964
1.481000 0.651901
1.482000 0.651832
1.483000 0.651756
1.484000 0.651674
1.485000 0.651586
1.486000 0.651492
1.487000 0.651391
1.488000 0.651284
1.489000 0.651171
1.490000 0.651052
1.491000 0.650926
1.492000 0.650794
1.493000 0.650656
1.494000 0.650512
1.495000 0.650361
1.496000 0.650204
1.497000 0.650041
1.498000 0.649872
1.499000 0.649697
1.500000 0.649516
1.501000 0.649328
1.502000 0.649134
1.503000 0.648934
1.504000 0.648728
1.505000 0.648516
1.506000 0.648298
1.507000 0.648074
1.508000 0.647844
1.509000 0.647607
1.510000 0.647365
1.511000 0.647116
1.512000 0.646862
1.513000 0.646601
1.514000 0.646334
1.515000 0.646062
1.516000 0.645783
1.517000 0.645498
1.518000 0.645208
1.519000 0.644911
1.520000 0.644608
1.521000 0.644300
1.522000 0.643985
1.523000 0.643665
1.524000 0.643338
1.525000 0.643006
1.526000 0.642668
1.527000 0.642324
1.528000 0.641974
1.529000 0.641618
1.530000 0.641256
1.531000 0.640889
1.532000 0.640515
1.533000 0.640136
1.534000 0.639751
1.535000 0.639360
1.536000 0.638963
1.537000 0.638561
1.538000 0.638153
1.539000 0.637739
1.540000 0.637319
1.541000 0.636893
1.542000 0.636462
1.543000 0.636025
1.544000 0.635582
1.545000 0.635134
1.546000 0.634680
1.547000 0.634220
1.548000 0.633755
1.549000 0.633284
1.550000 0.632807
1.551000 0.632325
1.552000 0.631837
1.553000 0.631343
1.554000 0.630844
1.555000 0.630339
1.556000 0.629829
1.557000 0.629313
1.558000 0.628791
1.559000 0.628264
1.560000 0.627732
1.561000 0.627194
1.562000 0.626650
1.563000 0.626101
1.564000 0.625546
1.565000 0.624986
1.566000 0.624421
1.567000 0.623850
1.568000 0.623274
1.569000 0.622692
1.570000 0.622105
1.571000 0.621512
1.572000 0.620914
1.573000 0.620311
1.574000 0.619702
1.575000 0.619088
1.576000 0.618468
1.577000 0.617844
1.578000 0.617214
1.579000 0.616578
1.580000 0.615938
1.581000 0.615292
1.582000 0.614641
1.583000 0.613984
1.584000 0.613323
1.585000 0.612656
1.586000 0.611984
1.587000 0.611306
1.588000 0.610624
1.589000 0.609936
1.590000 0.609244
1.591000 0.608546
1.592000 0.607843
1.593000 0.607134
1.594000 0.606421
1.595000 0.605703
1.596000 0.604979
1.597000 0.604251
1.598000 0.603517
1.599000 0.602778
1.600000 0.602035
1.601000 0.601286
1.602000 0.600532
1.603000 0.599774
1.604000 0.599010
1.605000 0.598241
1.606000 0.597468
1.607000 0.596689
1.608000 0.595906
1.609000 0.595118
1.610000 0.594325
1.611000 0.593526
1.612000 0.592724
1.613000 0.591916
1.614000 0.591103
1.615000 0.590286
1.616000 0.589463
1.617000 0.588636
1.618000 0.587804
1.619000 0.586968
1.620000 0.586126
1.621000 0.585280
1.622000 0.584429
1.623000 0.583574
1.624000 0.582713
1.625000 0.581849
1.626000 0.580979
1.627000 0.580105
1.628000 0.579226
1.629000 0.578342
1.630000 0.577454
1.631000 0.576561
1.632000 0.575664
1.633000 0.574762
1.634000 0.573855
1.635000 0.572944
1.636000 0.572029
1.637000 0.571109
1.638000 0.570184
1.639000 0.569255
1.640000 0.568321
1.641000 0.567383
1.642000 0.566441
1.643000 0.565494
1.644000 0.564543
1.645000 0.563587
1.646000 0.562627
1.647000 0.561662
1.648000 0.560693
1.649000 0.559720
1.650000 0.558743
1.651000 0.557761
1.652000 0.556775
1.653000 0.555785
1.654000 0.554790
1.655000 0.553791
1.656000 0.552788
1.657000 0.551780
1.658000 0.550769
1.659000 0.549753
1.660000 0.548733
1.661000 0.547709
1.662000 0.546681
1.663000 0.545648
1.664000 0.544612
1.665000 0.543571
1.666000 0.542527
1.667000 0.541478
1.668000 0.540425
1.669000 0.539368
1.670000 0.538307
1.671000 0.537242
1.672000 0.536173
1.673000 0.535100
1.674000 0.534024
1.675000 0.532943
1.676000 0.531858
1.677000 0.530769
1.678000 0.529677
1.679000 0.528580
1.680000 0.527480
1.681000 0.526376
1.682000 0.525268
1.683000 0.524156
1.684000 0.523040
1.685000 0.521921
1.686000 0.520797
1.687000 0.519670
1.688000 0.518540
1.689000 0.517405
1.690000 0.516267
1.691000 0.515125
1.692000 0.513979
1.693000 0.512830
1.694000 0.511677
1.695000 0.510520
1.696000 0.509360
1.697000 0.508196
1.698000 0.507029
1.699000 0.505858
1.700000 0.504683
1.701000 0.503505
1.702000 0.502323
1.703000 0.501138
1.704000 0.499949
1.705000 0.498757
1.706000 0.497562
1.707000 0.496363
1.708000 0.495160
1.709000 0.493954
1.710000 0.492745
1.711000 0.491532
1.712000 0.490316
1.713000 0.489096
1.714000 0.487874
1.715000 0.486647
1.716000 0.485418
1.717000 0.484185
1.718000 0.482949
1.719000 0.481710
1.720000 0.480467
1.721000 0.479222
1.722000 0.477973
1.723000 0.476720
1.724000 0.475465
1.725000 0.474207
1.726000 0.472945
1.727000 0.471680
1.728000 0.470412
1.729000 0.469141
1.730000 0.467867
1.731000 0.466590
1.732000 0.465310
1.733000 0.464026
1.734000 0.462740
1.735000 0.461451
1.736000 0.460158
1.737000 0.458863
1.738000 0.457565
1.739000 0.456264
1.740000 0.454960
1.741000 0.453653
1.742000 0.452343
1.743000 0.451030
1.744000 0.449715
1.745000 0.448396
1.746000 0.447075
1.747000 0.445751
1.748000 0.444424
1.749000 0.443094
1.750000 0.441762
1.751000 0.440427
1.752000 0.439089
1.753000 0.437748
1.754000 0.436405
1.755000 0.435059
1.756000 0.433711
1.757000 0.432359
1.758000 0.431005
1.759000 0.429649
1.760000 0.428290
1.761000 0.426928
1.762000 0.425564
1.763000 0.424197
1.764000 0.422828
1.765000 0.421456
1.766000 0.420082
1.767000 0.418705
1.768000 0.417326
1.769000 0.415944
1.770000 0.414560
1.771000 0.413173
1.772000 0.411784
1.773000 0.410393
1.774000 0.408999
1.775000 0.407603
1.776000 0.406205
1.777000 0.404804
1.778000 0.403401
1.779000 0.401996
1.780000 0.400588
1.781000 0.399178
1.782000 0.397766
1.783000 0.396352
1.784000 0.394935
1.785000 0.393517
1.786000 0.392096
1.787000 0.390673
1.788000 0.389248
1.789000 0.387821
1.790000 0.386391
1.791000 0.384960
1.792000 0.383526
1.793000 0.382091
1.794000 0.380653
1.795000 0.379214
1.796000 0.377772
1.797000 0.376329
1.798000 0.374883
1.799000 0.373436
1.800000 0.371986
1.801000 0.370535
1.802000 0.369081
1.803000 0.367626
1.804000 0.366169
1.805000 0.364710
1.806000 0.363250
1.807000 0.361787
1.808000 0.360323
1.809000 0.358857
1.810000 0.357389
1.811000 0.355919
1.812000 0.354448
1.813000 0.352975
1.814000 0.351500
1.815000 0.350023
1.816000 0.348545
1.817000 0.347065
1.818000 0.345584
1.819000 0.344101
1.820000 0.342616
1.821000 0.341130
1.822000 0.339642
1.823000 0.338152
1.824000 0.336661
1.825000 0.335169
1.826000 0.333675
1.827000 0.332179
1.828000 0.330682
1.829000 0.329184
1.830000 0.327684
1.831000 0.326183
1.832000 0.324680
1.833000 0.323176
1.834000 0.321671
1.835000 0.320164
1.836000 0.318656
1.837000 0.317146
1.838000 0.315635
1.839000 0.314123
1.840000 0.312610
1.841000 0.311095
1.842000 0.309579
1.843000 0.308062
1.844000 0.306544
1.845000 0.305024
1.846000 0.303503
1.847000 0.301981
1.848000 0.300458
1.849000 0.298934
1.850000 0.297409
1.851000 0.295883
1.852000 0.294355
1.853000 0.292827
1.854000 0.291297
1.855000 0.289766
1.856000 0.288235
1.857000 0.286702
1.858000 0.285168
1.859000 0.283634
1.860000 0.282098
1.861000 0.280562
1.862000 0.279024
1.863000 0.277486
1.864000 0.275947
1.865000 0.274407
1.866000 0.272866
1.867000 0.271324
1.868000 0.269782
1.869000 0.268238
1.870000 0.266694
1.871000 0.265149
1.872000 0.263603
1.873000 0.262057
1.874000 0.260510
1.875000 0.258962
1.876000 0.257413
1.877000 0.255864
1.878000 0.254314
1.879000 0.252763
1.880000 0.251212
1.881000 0.249660
1.882000 0.248108
1.883000 0.246555
1.884000 0.245001
1.885000 0.243447
1.886000 0.241892
1.887000 0.240337
1.888000 0.238781
1.889000 0.237225
1.890000 0.235669
1.891000 0.234111
1.892000 0.232554
1.893000 0.230996
1.894000 0.229437
1.895000 0.227879
1.896000 0.226319
1.897000 0.224760
1.898000 0.223200
1.899000 0.221640
1.900000 0.220079
1.901000 0.218518
1.902000 0.216957
1.903000 0.215396
1.904000 0.213834
1.905000 0.212272
1.906000 0.210710
1.907000 0.209148
1.908000 0.207586
1.909000 0.206023
1.910000 0.204460
1.911000 0.202897
1.912000 0.201334
1.913000 0.199771
1.914000 0.198208
1.915000 0.196644
1.916000 0.195081
1.917000 0.193517
1.918000 0.191954
1.919000 0.190390
1.920000 0.188827
1.921000 0.187263
1.922000 0.185700
1.923000 0.184136
1.924000 0.182573
1.925000 0.181009
1.926000 0.179446
1.927000 0.177883
1.928000 0.176320
1.929000 0.174757
1.930000 0.173194
1.931000 0.171632
1.932000 0.170069
1.933000 0.168507
1.934000 0.166945
1.935000 0.165383
1.936000 0.163821
1.937000 0.162260
1.938000 0.160699
1.939000 0.159138
1.940000 0.157578
1.941000 0.156018
1.942000 0.154458
1.943000 0.152898
1.944000 0.151339
1.945000 0.149781
1.946000 0.148222
1.947000 0.146664
1.948000 0.145107
1.949000 0.143550
1.950000 0.141993
1.951000 0.140437
1.952000 0.138881
1.953000 0.137326
1.954000 0.135771
1.955000 0.134217
1.956000 0.132663
1.957000 0.131110
1.958000 0.129557
1.959000 0.128005
1.960000 0.126454
1.961000 0.124903
1.962000 0.123353
1.963000 0.121804
1.964000 0.120255
1.965000 0.118706
1.966000 0.117159
1.967000 0.115612
1.968000 0.114066
1.969000 0.112521
1.970000 0.110976
1.971000 0.109432
1.972000 0.107889
1.973000 0.106346
1.974000 0.104805
1.975000 0.103264
1.976000 0.101724
1.977000 0.100185
1.978000 0.098647
1.979000 0.097109
1.980000 0.095573
1.981000 0.094037
1.982000 0.092502
1.983000 0.090969
1.984000 0.089436
1.985000 0.087904
1.986000 0.086373
1.987000 0.084843
1.988000 0.083314
1.989000 0.081786
1.990000 0.080259
1.991000 0.078733
1.992000 0.077208
1.993000 0.075684
1.994000 0.074161
1.995000 0.072640
1.996000 0.071119
1.997000 0.069600
1.998000 0.068081
1.999000 0.066564
2.000000 0.065048
2.001000 0.063533
2.002000 0.062019
2.003000 0.060507
2.004000 0.058996
2.005000 0.057486
2.006000 0.055977
2.007000 0.054469
2.008000 0.052963
2.009000 0.051458
2.010000 0.049954
2.011000 0.048451
2.012000 0.046950
2.013000 0.045450
2.014000 0.043952
2.015000 0.042455
2.016000 0.040959
2.017000 0.039465
2.018000 0.037972
2.019000 0.036480
2.020000 0.034990
2.021000 0.033501
2.022000 0.032014
2.023000 0.030528
2.024000 0.029043
2.025000 0.027561
2.026000 0.026079
2.027000 0.024599
2.028000 0.023121
2.029000 0.021644
2.030000 0.020169
2.031000 0.018695
2.032000 0.017223
2.033000 0.015752
2.034000 0.014283
2.035000 0.012816
2.036000 0.011350
2.037000 0.009886
2.038000 0.008423
2.039000 0.006962
2.040000 0.005503
2.041000 0.004046
2.042000 0.002590
2.043000 0.001136
2.044000 -0.000316
2.045000 -0.001767
2.046000 -0.003216
2.047000 -0.004663
2.048000 -0.006108
2.049000 -0.007552
2.050000 -0.008994
2.051000 -0.010434
2.052000 -0.011872
2.053000 -0.013308
2.054000 -0.014743
2.055000 -0.016175
2.056000 -0.017606
2.057000 -0.019035
2.058000 -0.020462
2.059000 -0.021887
2.060000 -0.023310
2.061000 -0.024732
2.062000 -0.026151
2.063000 -0.027568
2.064000 -0.028984
2.065000 -0.030397
2.066000 -0.031809
2.067000 -0.033218
2.068000 -0.034626
2.069000 -0.036031
2.070000 -0.037435
2.071000 -0.038836
2.072000 -0.040236
2.073000 -0.041633
2.074000 -0.043028
2.075000 -0.044421
2.076000 -0.045812
2.077000 -0.047201
2.078000 -0.048588
2.079000 -0.049973
2.080000 -0.051356
2.081000 -0.052736
2.082000 -0.054114
2.083000 -0.055490
2.084000 -0.056864
2.085000 -0.058236
2.086000 -0.059606
2.087000 -0.060973
2.088000 -0.062338
2.089000 -0.063701
2.090000 -0.065062
2.091000 -0.066420
2.092000 -0.067776
2.093000 -0.069130
2.094000 -0.070481
2.095000 -0.071831
2.096000 -0.073177
2.097000 -0.074522
2.098000 -0.075864
2.099000 -0.077204
2.100000 -0.078542
2.101000 -0.079877
2.102000 -0.081210
2.103000 -0.082540
2.104000 -0.083868
2.105000 -0.085194
2.106000 -0.086517
2.107000 -0.087838
2.108000 -0.089156
2.109000 -0.090472
2.110000 -0.091786
2.111000 -0.093097
2.112000 -0.094405
2.113000 -0.095712
2.114000 -0.097015
2.115000 -0.098316
2.116000 -0.099615
2.117000 -0.100911
2.118000 -0.102204
2.119000 -0.103495
2.120000 -0.104784
2.121000 -0.106070
2.122000 -0.107353
2.123000 -0.108634
2.124000 -0.109912
2.125000 -0.111187
2.126000 -0.112460
2.127000 -0.113730
2.128000 -0.114998
2.129000 -0.116263
2.130000 -0.117526
2.131000 -0.118785
2.132000 -0.120042
2.133000 -0.121297
2.134000 -0.122548
2.135000 -0.123797
2.136000 -0.125044
2.137000 -0.126287
2.138000 -0.127528
2.139000 -0.128767
2.140000 -0.130002
2.141000 -0.131235
2.142000 -0.132465
2.143000 -0.133692
2.144000 -0.134916
2.145000 -0.136138
2.146000 -0.137357
2.147000 -0.138573
2.148000 -0.139786
2.149000 -0.140996
2.150000 -0.142204
2.151000 -0.143409
2.152000 -0.144611
2.153000 -0.145810
2.154000 -0.147006
2.155000 -0.148199
2.156000 -0.149390
2.157000 -0.150577
2.158000 -0.151762
2.159000 -0.152944
2.160000 -0.154123
2.161000 -0.155299
2.162000 -0.156472
2.163000 -0.157642
2.164000 -0.158809
2.165000 -0.159974
2.166000 -0.161135
2.167000 -0.162293
2.168000 -0.163449
2.169000 -0.164601
2.170000 -0.165751
2.171000 -0.166897
2.172000 -0.168040
2.173000 -0.169181
2.174000 -0.170318
2.175000 -0.171453
2.176000 -0.172584
2.177000 -0.173712
2.178000 -0.174838
2.179000 -0.175960
2.180000 -0.177079
2.181000 -0.178195
2.182000 -0.179308
2.183000 -0.180418
2.184000 -0.181525
2.185000 -0.182629
2.186000 -0.183729
2.187000 -0.184827
2.188000 -0.185921
2.189000 -0.187013
2.190000 -0.188101
2.191000 -0.189186
2.192000 -0.190268
2.193000 -0.191346
2.194000 -0.192422
2.195000 -0.193494
2.196000 -0.194564
2.197000 -0.195630
2.198000 -0.196693
2.199000 -0.197752
2.200000 -0.198809
2.201000 -0.199862
2.202000 -0.200912
2.203000 -0.201959
2.204000 -0.203002
2.205000 -0.204043
2.206000 -0.205080
2.207000 -0.206114
2.208000 -0.207145
2.209000 -0.208172
2.210000 -0.209196
2.211000 -0.210217
2.212000 -0.211235
2.213000 -0.212249
2.214000 -0.213260
2.215000 -0.214268
2.216000 -0.215272
2.217000 -0.216273
2.218000 -0.217271
2.219000 -0.218265
2.220000 -0.219257
2.221000 -0.220244
2.222000 -0.221229
2.223000 -0.222210
2.224000 -0.223188
2.225000 -0.224162
2.226000 -0.225133
2.227000 -0.226101
2.228000 -0.227066
2.229000 -0.228027
2.230000 -0.228984
2.231000 -0.229938
2.232000 -0.230889
2.233000 -0.231837
2.234000 -0.232781
2.235000 -0.233722
2.236000 -0.234659
2.237000 -0.235593
2.238000 -0.236523
2.239000 -0.237450
2.240000 -0.238374
2.241000 -0.239294
2.242000 -0.240210
2.243000 -0.241124
2.244000 -0.242033
2.245000 -0.242940
2.246000 -0.243843
2.247000 -0.244742
2.248000 -0.245638
2.249000 -0.246530
2.250000 -0.247419
2.251000 -0.248305
2.252000 -0.249187
2.253000 -0.250065
2.254000 -0.250941
2.255000 -0.251812
2.256000 -0.252680
2.257000 -0.253545
2.258000 -0.254406
2.259000 -0.255263
2.260000 -0.256117
2.261000 -0.256967
2.262000 -0.257814
2.263000 -0.258658
2.264000 -0.259498
2.265000 -0.260334
2.266000 -0.261167
2.267000 -0.261996
2.268000 -0.262821
2.269000 -0.263644
2.270000 -0.264462
2.271000 -0.265277
2.272000 -0.266088
2.273000 -0.266896
2.274000 -0.267700
2.275000 -0.268501
2.276000 -0.269298
2.277000 -0.270092
2.278000 -0.270881
2.279000 -0.271668
2.280000 -0.272450
2.281000 -0.273230
2.282000 -0.274005
2.283000 -0.274777
2.284000 -0.275545
2.285000 -0.276310
2.286000 -0.277071
2.287000 -0.277828
2.288000 -0.278582
2.289000 -0.279332
2.290000 -0.280079
2.291000 -0.280822
2.292000 -0.281561
2.293000 -0.282297
2.294000 -0.283029
2.295000 -0.283757
2.296000 -0.284482
2.297000 -0.285203
2.298000 -0.285920
2.299000 -0.286634
2.300000 -0.287344
2.301000 -0.288050
2.302000 -0.288753
2.303000 -0.289452
2.304000 -0.290147
2.305000 -0.290839
2.306000 -0.291527
2.307000 -0.292212
2.308000 -0.292892
2.309000 -0.293569
2.310000 -0.294243
2.311000 -0.294912
2.312000 -0.295578
2.313000 -0.296241
2.314000 -0.296899
2.315000 -0.297554
2.316000 -0.298205
2.317000 -0.298853
2.318000 -0.299497
2.319000 -0.300137
2.320000 -0.300773
2.321000 -0.301406
2.322000 -0.302035
2.323000 -0.302660
2.324000 -0.303282
2.325000 -0.303900
2.326000 -0.304514
2.327000 -0.305124
2.328000 -0.305731
2.329000 -0.306334
2.330000 -0.306933
2.331000 -0.307529
2.332000 -0.308121
2.333000 -0.308709
2.334000 -0.309293
2.335000 -0.309874
2.336000 -0.310451
2.337000 -0.311024
2.338000 -0.311593
2.339000 -0.312159
2.340000 -0.312721
2.341000 -0.313279
2.342000 -0.313834
2.343000 -0.314385
2.344000 -0.314932
2.345000 -0.315475
2.346000 -0.316015
2.347000 -0.316551
2.348000 -0.317083
2.349000 -0.317611
2.350000 -0.318136
2.351000 -0.318657
2.352000 -0.319174
2.353000 -0.319687
2.354000 -0.320197
2.355000 -0.320703
2.356000 -0.321205
2.357000 -0.321703
2.358000 -0.322198
2.359000 -0.322689
2.360000 -0.323176
2.361000 -0.323660
2.362000 -0.324139
2.363000 -0.324615
2.364000 -0.325087
2.365000 -0.325556
2.366000 -0.326021
2.367000 -0.326481
2.368000 -0.326939
2.369000 -0.327392
2.370000 -0.327842
2.371000 -0.328288
2.372000 -0.328730
2.373000 -0.329168
2.374000 -0.329603
2.375000 -0.330034
2.376000 -0.330461
2.377000 -0.330885
2.378000 -0.331305
2.379000 -0.331721
2.380000 -0.332133
2.381000 -0.332541
2.382000 -0.332946
2.383000 -0.333347
2.384000 -0.333744
2.385000 -0.334138
2.386000 -0.334528
2.387000 -0.334914
2.388000 -0.335296
2.389000 -0.335674
2.390000 -0.336049
2.391000 -0.336420
2.392000 -0.336788
2.393000 -0.337151
2.394000 -0.337511
2.395000 -0.337867
2.396000 -0.338220
2.397000 -0.338568
2.398000 -0.338913
2.399000 -0.339254
2.400000 -0.339592
2.401000 -0.339925
2.402000 -0.340255
2.403000 -0.340582
2.404000 -0.340904
2.405000 -0.341223
2.406000 -0.341538
2.407000 -0.341850
2.408000 -0.342157
2.409000 -0.342461
2.410000 -0.342761
2.411000 -0.343058
2.412000 -0.343351
2.413000 -0.343640
2.414000 -0.343925
2.415000 -0.344207
2.416000 -0.344485
2.417000 -0.344759
2.418000 -0.345029
2.419000 -0.345296
2.420000 -0.345559
2.421000 -0.345819
2.422000 -0.346074
2.423000 -0.346326
2.424000 -0.346575
2.425000 -0.346819
2.426000 -0.347060
2.427000 -0.347298
2.428000 -0.347531
2.429000 -0.347761
2.430000 -0.347987
2.431000 -0.348210
2.432000 -0.348429
2.433000 -0.348644
2.434000 -0.348855
2.435000 -0.349063
2.436000 -0.349267
2.437000 -0.349468
2.438000 -0.349665
2.439000 -0.349858
2.440000 -0.350047
2.441000 -0.350233
2.442000 -0.350416
2.443000 -0.350594
2.444000 -0.350769
2.445000 -0.350940
2.446000 -0.351108
2.447000 -0.351272
2.448000 -0.351432
2.449000 -0.351589
2.450000 -0.351742
2.451000 -0.351891
2.452000 -0.352037
2.453000 -0.352179
2.454000 -0.352318
2.455000 -0.352453
2.456000 -0.352584
2.457000 -0.352712
2.458000 -0.352836
2.459000 -0.352957
2.460000 -0.353074
2.461000 -0.353187
2.462000 -0.353297
2.463000 -0.353403
2.464000 -0.353505
2.465000 -0.353604
2.466000 -0.353700
2.467000 -0.353791
2.468000 -0.353880
2.469000 -0.353964
2.470000 -0.354045
2.471000 -0.354123
2.472000 -0.354197
2.473000 -0.354267
2.474000 -0.354334
2.475000 -0.354397
2.476000 -0.354457
2.477000 -0.354513
2.478000 -0.354566
2.479000 -0.354615
2.480000 -0.354661
2.481000 -0.354703
2.482000 -0.354741
2.483000 -0.354776
2.484000 -0.354808
2.485000 -0.354836
2.486000 -0.354860
2.487000 -0.354881
2.488000 -0.354898
2.489000 -0.354912
2.490000 -0.354923
2.491000 -0.354930
2.492000 -0.354933
2.493000 -0.354933
2.494000 -0.354930
2.495000 -0.354923
2.496000 -0.354912
2.497000 -0.354898
2.498000 -0.354881
2.499000 -0.354860
2.500000 -0.354836
2.501000 -0.354808
2.502000 -0.354777
2.503000 -0.354742
2.504000 -0.354704
2.505000 -0.354663
2.506000 -0.354618
2.507000 -0.354570
2.508000 -0.354518
2.509000 -0.354463
2.510000 -0.354404
2.511000 -0.354342
2.512000 -0.354277
2.513000 -0.354208
2.514000 -0.354136
2.515000 -0.354060
2.516000 -0.353982
2.517000 -0.353899
2.518000 -0.353814
2.519000 -0.353725
2.520000 -0.353632
2.521000 -0.353536
2.522000 -0.353437
2.523000 -0.353335
2.524000 -0.353229
2.525000 -0.353120
2.526000 -0.353008
2.527000 -0.352892
2.528000 -0.352773
2.529000 -0.352650
2.530000 -0.352525
2.531000 -0.352396
2.532000 -0.352263
2.533000 -0.352128
2.534000 -0.351989
2.535000 -0.351847
2.536000 -0.351701
2.537000 -0.351552
2.538000 -0.351400
2.539000 -0.351245
2.540000 -0.351087
2.541000 -0.350925
2.542000 -0.350760
2.543000 -0.350592
2.544000 -0.350420
2.545000 -0.350245
2.546000 -0.350067
2.547000 -0.349886
2.548000 -0.349702
2.549000 -0.349514
2.550000 -0.349323
2.551000 -0.349129
2.552000 -0.348932
2.553000 -0.348732
2.554000 -0.348528
2.555000 -0.348322
2.556000 -0.348112
2.557000 -0.347899
2.558000 -0.347682
2.559000 -0.347463
2.560000 -0.347241
2.561000 -0.347015
2.562000 -0.346786
2.563000 -0.346554
2.564000 -0.346319
2.565000 -0.346081
2.566000 -0.345840
2.567000 -0.345596
2.568000 -0.345348
2.569000 -0.345098
2.570000 -0.344844
2.571000 -0.344587
2.572000 -0.344327
2.573000 -0.344065
2.574000 -0.343799
2.575000 -0.343530
2.576000 -0.343258
2.577000 -0.342983
2.578000 -0.342705
2.579000 -0.342424
2.580000 -0.342140
2.581000 -0.341852
2.582000 -0.341562
2.583000 -0.341269
2.584000 -0.340973
2.585000 -0.340674
2.586000 -0.340372
2.587000 -0.340067
2.588000 -0.339759
2.589000 -0.339448
2.590000 -0.339134
2.591000 -0.338817
2.592000 -0.338497
2.593000 -0.338174
2.594000 -0.337848
2.595000 -0.337520
2.596000 -0.337188
2.597000 -0.336854
2.598000 -0.336516
2.599000 -0.336176
2.600000 -0.335833
2.601000 -0.335487
2.602000 -0.335138
2.603000 -0.334786
2.604000 -0.334432
2.605000 -0.334074
2.606000 -0.333714
2.607000 -0.333350
2.608000 -0.332984
2.609000 -0.332616
2.610000 -0.332244
2.611000 -0.331869
2.612000 -0.331492
2.613000 -0.331112
2.614000 -0.330729
2.615000 -0.330343
2.616000 -0.329955
2.617000 -0.329564
2.618000 -0.329170
2.619000 -0.328773
2.620000 -0.328374
2.621000 -0.327971
2.622000 -0.327566
2.623000 -0.327159
2.624000 -0.326748
2.625000 -0.326335
2.626000 -0.325919
2.627000 -0.325501
2.628000 -0.325079
2.629000 -0.324655
2.630000 -0.324229
2.631000 -0.323800
2.632000 -0.323368
2.633000 -0.322933
2.634000 -0.322496
2.635000 -0.322056
2.636000 -0.321614
2.637000 -0.321168
2.638000 -0.320721
2.639000 -0.320270
2.640000 -0.319817
2.641000 -0.319362
2.642000 -0.318904
2.643000 -0.318443
2.644000 -0.317980
2.645000 -0.317514
2.646000 -0.317045
2.647000 -0.316574
2.648000 -0.316101
2.649000 -0.315625
2.650000 -0.315146
2.651000 -0.314665
2.652000 -0.314182
2.653000 -0.313695
2.654000 -0.313207
2.655000 -0.312716
2.656000 -0.312222
2.657000 -0.311726
2.658000 -0.311228
2.659000 -0.310727
2.660000 -0.310223
2.661000 -0.309717
2.662000 -0.309209
2.663000 -0.308698
2.664000 -0.308185
2.665000 -0.307670
2.666000 -0.307152
2.667000 -0.306631
2.668000 -0.306109
2.669000 -0.305584
2.670000 -0.305056
2.671000 -0.304526
2.672000 -0.303994
2.673000 -0.303460
2.674000 -0.302923
2.675000 -0.302384
2.676000 -0.301842
2.677000 -0.301298
2.678000 -0.300752
2.679000 -0.300204
2.680000 -0.299653
2.681000 -0.299100
2.682000 -0.298545
2.683000 -0.297987
2.684000 -0.297427
2.685000 -0.296865
2.686000 -0.296301
2.687000 -0.295735
2.688000 -0.295166
2.689000 -0.294595
2.690000 -0.294022
2.691000 -0.293446
2.692000 -0.292869
2.693000 -0.292289
2.694000 -0.291707
2.695000 -0.291123
2.696000 -0.290537
2.697000 -0.289948
2.698000 -0.289358
2.699000 -0.288765
2.700000 -0.288170
2.701000 -0.287574
2.702000 -0.286975
2.703000 -0.286373
2.704000 -0.285770
2.705000 -0.285165
2.706000 -0.284558
2.707000 -0.283948
2.708000 -0.283337
2.709000 -0.282723
2.710000 -0.282108
2.711000 -0.281490
2.712000 -0.280870
2.713000 -0.280249
2.714000 -0.279625
2.715000 -0.278999
2.716000 -0.278372
2.717000 -0.277742
2.718000 -0.277111
2.719000 -0.276477
2.720000 -0.275842
2.721000 -0.275204
2.722000 -0.274565
2.723000 -0.273923
2.724000 -0.273280
2.725000 -0.272635
2.726000 -0.271988
2.727000 -0.271339
2.728000 -0.270688
2.729000 -0.270035
2.730000 -0.269381
2.731000 -0.268724
2.732000 -0.268066
2.733000 -0.267406
2.734000 -0.266744
2.735000 -0.266080
2.736000 -0.265415
2.737000 -0.264747
2.738000 -0.264078
2.739000 -0.263407
2.740000 -0.262734
2.741000 -0.262060
2.742000 -0.261383
2.743000 -0.260705
2.744000 -0.260025
2.745000 -0.259344
2.746000 -0.258660
2.747000 -0.257975
2.748000 -0.257289
2.749000 -0.256600
2.750000 -0.255910
2.751000 -0.255218
2.752000 -0.254525
2.753000 -0.253829
2.754000 -0.253133
2.755000 -0.252434
2.756000 -0.251734
2.757000 -0.251032
2.758000 -0.250329
2.759000 -0.249624
2.760000 -0.248917
2.761000 -0.248209
2.762000 -0.247499
2.763000 -0.246788
2.764000 -0.246075
2.765000 -0.245360
2.766000 -0.244644
2.767000 -0.243926
2.768000 -0.243207
2.769000 -0.242487
2.770000 -0.241764
2.771000 -0.241041
2.772000 -0.240315
2.773000 -0.239589
2.774000 -0.238861
2.775000 -0.238131
2.776000 -0.237400
2.777000 -0.236667
2.778000 -0.235933
2.779000 -0.235198
2.780000 -0.234461
2.781000 -0.233722
2.782000 -0.232983
2.783000 -0.232242
2.784000 -0.231499
2.785000 -0.230755
2.786000 -0.230010
2.787000 -0.229263
2.788000 -0.228515
2.789000 -0.227766
2.790000 -0.227015
2.791000 -0.226263
2.792000 -0.225510
2.793000 -0.224755
2.794000 -0.223999
2.795000 -0.223242
2.796000 -0.222483
2.797000 -0.221723
2.798000 -0.220962
2.799000 -0.220200
2.800000 -0.219436
2.801000 -0.218671
2.802000 -0.217905
2.803000 -0.217138
2.804000 -0.216369
2.805000 -0.215600
2.806000 -0.214829
2.807000 -0.214057
2.808000 -0.213283
2.809000 -0.212509
2.810000 -0.211733
2.811000 -0.210957
2.812000 -0.210179
2.813000 -0.209400
2.814000 -0.208619
2.815000 -0.207838
2.816000 -0.207056
2.817000 -0.206272
2.818000 -0.205488
2.819000 -0.204702
2.820000 -0.203915
2.821000 -0.203127
2.822000 -0.202338
2.823000 -0.201549
2.824000 -0.200758
2.825000 -0.199966
2.826000 -0.199173
2.827000 -0.198379
2.828000 -0.197584
2.829000 -0.196788
2.830000 -0.195991
2.831000 -0.195193
2.832000 -0.194394
2.833000 -0.193594
2.834000 -0.192793
2.835000 -0.191992
2.836000 -0.191189
2.837000 -0.190385
2.838000 -0.189581
2.839000 -0.188775
2.840000 -0.187969
2.841000 -0.187162
2.842000 -0.186354
2.843000 -0.185545
2.844000 -0.184735
2.845000 -0.183925
2.846000 -0.183113
2.847000 -0.182301
2.848000 -0.181488
2.849000 -0.180674
2.850000 -0.179859
2.851000 -0.179044
2.852000 -0.178228
2.853000 -0.177411
2.854000 -0.176593
2.855000 -0.175774
2.856000 -0.174955
2.857000 -0.174135
2.858000 -0.173314
2.859000 -0.172492
2.860000 -0.171670
2.861000 -0.170847
2.862000 -0.170024
2.863000 -0.169199
2.864000 -0.168374
2.865000 -0.167549
2.866000 -0.166722
2.867000 -0.165895
2.868000 -0.165068
2.869000 -0.164240
2.870000 -0.163411
2.871000 -0.162581
2.872000 -0.161751
2.873000 -0.160921
2.874000 -0.160089
2.875000 -0.159257
2.876000 -0.158425
2.877000 -0.157592
2.878000 -0.156758
2.879000 -0.155924
2.880000 -0.155090
2.881000 -0.154255
2.882000 -0.153419
2.883000 -0.152583
2.884000 -0.151746
2.885000 -0.150909
2.886000 -0.150071
2.887000 -0.149233
2.888000 -0.148395
2.889000 -0.147556
2.890000 -0.146716
2.891000 -0.145876
2.892000 -0.145036
2.893000 -0.144195
2.894000 -0.143354
2.895000 -0.142512
2.896000 -0.141670
2.897000 -0.140828
2.898000 -0.139985
2.899000 -0.139142
2.900000 -0.138299
2.901000 -0.137455
2.902000 -0.136611
2.903000 -0.135766
2.904000 -0.134921
2.905000 -0.134076
2.906000 -0.133231
2.907000 -0.132385
2.908000 -0.131539
2.909000 -0.130693
2.910000 -0.129846
2.911000 -0.128999
2.912000 -0.128152
2.913000 -0.127305
2.914000 -0.126457
2.915000 -0.125609
2.916000 -0.124761
2.917000 -0.123913
2.918000 -0.123064
2.919000 -0.122216
2.920000 -0.121367
2.921000 -0.120518
2.922000 -0.119668
2.923000 -0.118819
2.924000 -0.117970
2.925000 -0.117120
2.926000 -0.116270
2.927000 -0.115420
2.928000 -0.114570
2.929000 -0.113720
2.930000 -0.112870
2.931000 -0.112019
2.932000 -0.111169
2.933000 -0.110318
2.934000 -0.109468
2.935000 -0.108617
2.936000 -0.107766
2.937000 -0.106916
2.938000 -0.106065
2.939000 -0.105214
2.940000 -0.104363
2.941000 -0.103512
2.942000 -0.102661
2.943000 -0.101811
2.944000 -0.100960
2.945000 -0.100109
2.946000 -0.099258
2.947000 -0.098408
2.948000 -0.097557
2.949000 -0.096706
2.950000 -0.095856
2.951000 -0.095005
2.952000 -0.094155
2.953000 -0.093304
2.954000 -0.092454
2.955000 -0.091604
2.956000 -0.090754
2.957000 -0.089904
2.958000 -0.089054
2.959000 -0.088205
2.960000 -0.087355
2.961000 -0.086506
2.962000 -0.085657
2.963000 -0.084808
2.964000 -0.083959
2.965000 -0.083111
2.966000 -0.082262
2.967000 -0.081414
2.968000 -0.080566
2.969000 -0.079718
2.970000 -0.078871
2.971000 -0.078023
2.972000 -0.077176
2.973000 -0.076329
2.974000 -0.075483
2.975000 -0.074637
2.976000 -0.073791
2.977000 -0.072945
2.978000 -0.072099
2.979000 -0.071254
2.980000 -0.070410
2.981000 -0.069565
2.982000 -0.068721
2.983000 -0.067877
2.984000 -0.067033
2.985000 -0.066190
2.986000 -0.065347
2.987000 -0.064505
2.988000 -0.063663
2.989000 -0.062821
2.990000 -0.061980
2.991000 -0.061139
2.992000 -0.060298
2.993000 -0.059458
2.994000 -0.058619
2.995000 -0.057779
2.996000 -0.056940
2.997000 -0.056102
2.998000 -0.055264
2.999000 -0.054427
3.000000 -0.053590
3.001000 -0.052753
3.002000 -0.051917
3.003000 -0.051081
3.004000 -0.050246
3.005000 -0.049412
3.006000 -0.048578
3.007000 -0.047744
3.008000 -0.046911
3.009000 -0.046078
3.010000 -0.045246
3.011000 -0.044415
3.012000 -0.043584
3.013000 -0.042754
3.014000 -0.041924
3.015000 -0.041095
3.016000 -0.040266
3.017000 -0.039438
3.018000 -0.038611
3.019000 -0.037784
3.020000 -0.036958
3.021000 -0.036132
3.022000 -0.035307
3.023000 -0.034483
3.024000 -0.033660
3.025000 -0.032837
3.026000 -0.032014
3.027000 -0.031193
3.028000 -0.030372
3.029000 -0.029551
3.030000 -0.028732
3.031000 -0.027913
3.032000 -0.027094
3.033000 -0.026277
3.034000 -0.025460
3.035000 -0.024644
3.036000 -0.023829
3.037000 -0.023014
3.038000 -0.022200
3.039000 -0.021387
3.040000 -0.020575
3.041000 -0.019763
3.042000 -0.018952
3.043000 -0.018142
3.044000 -0.017333
3.045000 -0.016524
3.046000 -0.015717
3.047000 -0.014910
3.048000 -0.014104
3.049000 -0.013298
3.050000 -0.012494
3.051000 -0.011691
3.052000 -0.010888
3.053000 -0.010086
3.054000 -0.009285
3.055000 -0.008485
3.056000 -0.007685
3.057000 -0.006887
3.058000 -0.006089
3.059000 -0.005293
3.060000 -0.004497
3.061000 -0.003702
3.062000 -0.002908
3.063000 -0.002115
3.064000 -0.001323
3.065000 -0.000532
3.066000 0.000258
3.067000 0.001048
3.068000 0.001836
3.069000 0.002623
3.070000 0.003410
3.071000 0.004195
3.072000 0.004980
3.073000 0.005763
3.074000 0.006546
3.075000 0.007327
3.076000 0.008108
3.077000 0.008887
3.078000 0.009666
3.079000 0.010443
3.080000 0.011219
3.081000 0.011995
3.082000 0.012769
3.083000 0.013543
3.084000 0.014315
3.085000 0.015086
3.086000 0.015856
3.087000 0.016625
3.088000 0.017393
3.089000 0.018160
3.090000 0.018926
3.091000 0.019691
3.092000 0.020454
3.093000 0.021217
3.094000 0.021978
3.095000 0.022738
3.096000 0.023497
3.097000 0.024255
3.098000 0.025012
3.099000 0.025768
3.100000 0.026523
3.101000 0.027276
3.102000 0.028028
3.103000 0.028779
3.104000 0.029529
3.105000 0.030278
3.106000 0.031025
3.107000 0.031772
3.108000 0.032517
3.109000 0.033261
3.110000 0.034004
3.111000 0.034745
3.112000 0.035485
3.113000 0.036224
3.114000 0.036962
3.115000 0.037699
3.116000 0.038434
3.117000 0.039168
3.118000 0.039901
3.119000 0.040632
3.120000 0.041363
3.121000 0.042092
3.122000 0.042819
3.123000 0.043546
3.124000 0.044271
3.125000 0.044995
3.126000 0.045717
3.127000 0.046439
3.128000 0.047159
3.129000 0.047877
3.130000 0.048595
3.131000 0.049310
3.132000 0.050025
3.133000 0.050738
3.134000 0.051450
3.135000 0.052161
3.136000 0.052870
3.137000 0.053578
3.138000 0.054284
3.139000 0.054990
3.140000 0.055693
3.141000 0.056396
3.142000 0.057097
3.143000 0.057796
3.144000 0.058494
3.145000 0.059191
3.146000 0.059887
3.147000 0.060581
3.148000 0.061273
3.149000 0.061964
3.150000 0.062654
3.151000 0.063342
3.152000 0.064029
3.153000 0.064714
3.154000 0.065398
3.155000 0.066081
3.156000 0.066762
3.157000 0.067441
3.158000 0.068119
3.159000 0.068796
3.160000 0.069471
3.161000 0.070144
3.162000 0.070817
3.163000 0.071487
3.164000 0.072156
3.165000 0.072824
3.166000 0.073490
3.167000 0.074155
3.168000 0.074818
3.169000 0.075479
3.170000 0.076139
3.171000 0.076798
3.172000 0.077455
3.173000 0.078110
3.174000 0.078764
3.175000 0.079417
3.176000 0.080067
3.177000 0.080717
3.178000 0.081364
3.179000 0.082010
3.180000 0.082655
3.181000 0.083298
3.182000 0.083939
3.183000 0.084579
3.184000 0.085217
3.185000 0.085854
3.186000 0.086489
3.187000 0.087122
3.188000 0.087754
3.189000 0.088384
3.190000 0.089013
3.191000 0.089640
3.192000 0.090265
3.193000 0.090889
3.194000 0.091511
3.195000 0.092131
3.196000 0.092750
3.197000 0.093367
3.198000 0.093982
3.199000 0.094596
3.200000 0.095208
3.201000 0.095819
3.202000 0.096428
3.203000 0.097035
3.204000 0.097640
3.205000 0.098244
3.206000 0.098846
3.207000 0.099447
3.208000 0.100046
3.209000 0.100643
3.210000 0.101238
3.211000 0.101832
3.212000 0.102424
3.213000 0.103014
3.214000 0.103602
3.215000 0.104189
3.216000 0.104774
3.217000 0.105358
3.218000 0.105939
3.219000 0.106519
3.220000 0.107098
3.221000 0.107674
3.222000 0.108249
3.223000 0.108822
3.224000 0.109393
3.225000 0.109962
3.226000 0.110530
3.227000 0.111096
3.228000 0.111660
3.229000 0.112223
3.230000 0.112783
3.231000 0.113342
3.232000 0.113899
3.233000 0.114455
3.234000 0.115008
3.235000 0.115560
3.236000 0.116110
3.237000 0.116658
3.238000 0.117204
3.239000 0.117749
3.240000 0.118292
3.241000 0.118833
3.242000 0.119372
3.243000 0.119909
3.244000 0.120445
3.245000 0.120979
3.246000 0.121511
3.247000 0.122041
3.248000 0.122569
3.249000 0.123095
3.250000 0.123620
3.251000 0.124143
3.252000 0.124664
3.253000 0.125183
3.254000 0.125700
3.255000 0.126215
3.256000 0.126729
3.257000 0.127240
3.258000 0.127750
3.259000 0.128258
3.260000 0.128764
3.261000 0.129269
3.262000 0.129771
3.263000 0.130271
3.264000 0.130770
3.265000 0.131267
3.266000 0.131762
3.267000 0.132255
3.268000 0.132746
3.269000 0.133235
3.270000 0.133722
3.271000 0.134208
3.272000 0.134691
3.273000 0.135173
3.274000 0.135653
3.275000 0.136131
3.276000 0.136607
3.277000 0.137081
3.278000 0.137553
3.279000 0.138023
3.280000 0.138491
3.281000 0.138958
3.282000 0.139422
3.283000 0.139885
3.284000 0.140346
3.285000 0.140804
3.286000 0.141261
3.287000 0.141716
3.288000 0.142169
3.289000 0.142620
3.290000 0.143069
3.291000 0.143516
3.292000 0.143961
3.293000 0.144405
3.294000 0.144846
3.295000 0.145285
3.296000 0.145723
3.297000 0.146158
3.298000 0.146592
3.299000 0.147023
3.300000 0.147453
3.301000 0.147881
3.302000 0.148306
3.303000 0.148730
3.304000 0.149152
3.305000 0.149572
3.306000 0.149989
3.307000 0.150405
3.308000 0.150819
3.309000 0.151231
3.310000 0.151641
3.311000 0.152049
3.312000 0.152455
3.313000 0.152859
3.314000 0.153261
3.315000 0.153661
3.316000 0.154060
3.317000 0.154456
3.318000 0.154850
3.319000 0.155242
3.320000 0.155632
3.321000 0.156020
3.322000 0.156406
3.323000 0.156791
3.324000 0.157173
3.325000 0.157553
3.326000 0.157931
3.327000 0.158307
3.328000 0.158682
3.329000 0.159054
3.330000 0.159424
3.331000 0.159792
3.332000 0.160159
3.333000 0.160523
3.334000 0.160885
3.335000 0.161245
3.336000 0.161603
3.337000 0.161959
3.338000 0.162314
3.339000 0.162666
3.340000 0.163016
3.341000 0.163364
3.342000 0.163710
3.343000 0.164054
3.344000 0.164396
3.345000 0.164736
3.346000 0.165074
3.347000 0.165410
3.348000 0.165744
3.349000 0.166076
3.350000 0.166406
3.351000 0.166734
3.352000 0.167060
3.353000 0.167384
3.354000 0.167706
3.355000 0.168025
3.356000 0.168343
3.357000 0.168659
3.358000 0.168973
3.359000 0.169284
3.360000 0.169594
3.361000 0.169902
3.362000 0.170207
3.363000 0.170511
3.364000 0.170812
3.365000 0.171112
3.366000 0.171409
3.367000 0.171705
3.368000 0.171998
3.369000 0.172290
3.370000 0.172579
3.371000 0.172866
3.372000 0.173152
3.373000 0.173435
3.374000 0.173716
3.375000 0.173995
3.376000 0.174272
3.377000 0.174547
3.378000 0.174820
3.379000 0.175091
3.380000 0.175360
3.381000 0.175627
3.382000 0.175892
3.383000 0.176155
3.384000 0.176416
3.385000 0.176675
3.386000 0.176931
3.387000 0.177186
3.388000 0.177439
3.389000 0.177689
3.390000 0.177938
3.391000 0.178184
3.392000 0.178429
3.393000 0.178671
3.394000 0.178912
3.395000 0.179150
3.396000 0.179387
3.397000 0.179621
3.398000 0.179853
3.399000 0.180083
3.400000 0.180311
3.401000 0.180538
3.402000 0.180762
3.403000 0.180984
3.404000 0.181204
3.405000 0.181422
3.406000 0.181638
3.407000 0.181852
3.408000 0.182064
3.409000 0.182273
3.410000 0.182481
3.411000 0.182687
3.412000 0.182891
3.413000 0.183092
3.414000 0.183292
3.415000 0.183490
3.416000 0.183685
3.417000 0.183879
3.418000 0.184070
3.419000 0.184260
3.420000 0.184447
3.421000 0.184633
3.422000 0.184816
3.423000 0.184998
3.424000 0.185177
3.425000 0.185354
3.426000 0.185530
3.427000 0.185703
3.428000 0.185874
3.429000 0.186043
3.430000 0.186211
3.431000 0.186376
3.432000 0.186539
3.433000 0.186700
3.434000 0.186859
3.435000 0.187016
3.436000 0.187171
3.437000 0.187324
3.438000 0.187475
3.439000 0.187624
3.440000 0.187771
3.441000 0.187916
3.442000 0.188059
3.443000 0.188200
3.444000 0.188339
3.445000 0.188476
3.446000 0.188611
3.447000 0.188744
3.448000 0.188875
3.449000 0.189004
3.450000 0.189131
3.451000 0.189255
3.452000 0.189378
3.453000 0.189499
3.454000 0.189618
3.455000 0.189735
3.456000 0.189850
3.457000 0.189963
3.458000 0.190074
3.459000 0.190182
3.460000 0.190289
3.461000 0.190394
3.462000 0.190497
3.463000 0.190598
3.464000 0.190697
3.465000 0.190794
3.466000 0.190889
3.467000 0.190982
3.468000 0.191073
3.469000 0.191162
3.470000 0.191249
3.471000 0.191334
3.472000 0.191417
3.473000 0.191498
3.474000 0.191577
3.475000 0.191655
3.476000 0.191730
3.477000 0.191803
3.478000 0.191874
3.479000 0.191944
3.480000 0.192011
3.481000 0.192076
3.482000 0.192140
3.483000 0.192201
3.484000 0.192261
3.485000 0.192318
3.486000 0.192374
3.487000 0.192427
3.488000 0.192479
3.489000 0.192529
3.490000 0.192577
3.491000 0.192622
3.492000 0.192666
3.493000 0.192708
3.494000 0.192748
3.495000 0.192786
3.496000 0.192823
3.497000 0.192857
3.498000 0.192889
3.499000 0.192919
3.500000 0.192948
3.501000 0.192974
3.502000 0.192999
3.503000 0.193022
3.504000 0.193042
3.505000 0.193061
3.506000 0.193078
3.507000 0.193093
3.508000 0.193106
3.509000 0.193117
3.510000 0.193127
3.511000 0.193134
3.512000 0.193140
3.513000 0.193143
3.514000 0.193145
3.515000 0.193145
3.516000 0.193143
3.517000 0.193139
3.518000 0.193133
3.519000 0.193125
3.520000 0.193115
3.521000 0.193104
3.522000 0.193090
3.523000 0.193075
3.524000 0.193058
3.525000 0.193039
3.526000 0.193018
3.527000 0.192995
3.528000 0.192970
3.529000 0.192944
3.530000 0.192916
3.531000 0.192885
3.532000 0.192853
3.533000 0.192819
3.534000 0.192784
3.535000 0.192746
3.536000 0.192707
3.537000 0.192665
3.538000 0.192622
3.539000 0.192577
3.540000 0.192530
3.541000 0.192482
3.542000 0.192431
3.543000 0.192379
3.544000 0.192325
3.545000 0.192269
3.546000 0.192211
3.547000 0.192152
3.548000 0.192090
3.549000 0.192027
3.550000 0.191962
3.551000 0.191895
3.552000 0.191827
3.553000 0.191756
3.554000 0.191684
3.555000 0.191610
3.556000 0.191534
3.557000 0.191457
3.558000 0.191377
3.559000 0.191296
3.560000 0.191213
3.561000 0.191129
3.562000 0.191042
3.563000 0.190954
3.564000 0.190864
3.565000 0.190772
3.566000 0.190679
3.567000 0.190583
3.568000 0.190486
3.569000 0.190387
3.570000 0.190287
3.571000 0.190185
3.572000 0.190081
3.573000 0.189975
3.574000 0.189867
3.575000 0.189758
3.576000 0.189647
3.577000 0.189535
3.578000 0.189420
3.579000 0.189304
3.580000 0.189186
3.581000 0.189067
3.582000 0.188945
3.583000 0.188822
3.584000 0.188698
3.585000 0.188571
3.586000 0.188443
3.587000 0.188313
3.588000 0.188182
3.589000 0.188049
3.590000 0.187914
3.591000 0.187778
3.592000 0.187639
3.593000 0.187499
3.594000 0.187358
3.595000 0.187215
3.596000 0.187070
3.597000 0.186923
3.598000 0.186775
3.599000 0.186625
3.600000 0.186474
3.601000 0.186321
3.602000 0.186166
3.603000 0.186009
3.604000 0.185851
3.605000 0.185692
3.606000 0.185530
3.607000 0.185367
3.608000 0.185203
3.609000 0.185037
3.610000 0.184869
3.611000 0.184699
3.612000 0.184528
3.613000 0.184356
3.614000 0.184182
3.615000 0.184006
3.616000 0.183828
3.617000 0.183649
3.618000 0.183469
3.619000 0.183287
3.620000 0.183103
3.621000 0.182917
3.622000 0.182731
3.623000 0.182542
3.624000 0.182352
3.625000 0.182160
3.626000 0.181967
3.627000 0.181773
3.628000 0.181576
3.629000 0.181378
3.630000 0.181179
3.631000 0.180978
3.632000 0.180776
3.633000 0.180572
3.634000 0.180366
3.635000 0.180159
3.636000 0.179951
3.637000 0.179741
3.638000 0.179529
3.639000 0.179316
3.640000 0.179102
3.641000 0.178886
3.642000 0.178668
3.643000 0.178449
3.644000 0.178228
3.645000 0.178006
3.646000 0.177783
3.647000 0.177558
3.648000 0.177331
3.649000 0.177104
3.650000 0.176874
3.651000 0.176643
3.652000 0.176411
3.653000 0.176177
3.654000 0.175942
3.655000 0.175705
3.656000 0.175467
3.657000 0.175228
3.658000 0.174987
3.659000 0.174744
3.660000 0.174501
3.661000 0.174255
3.662000 0.174009
3.663000 0.173761
3.664000 0.173511
3.665000 0.173260
3.666000 0.173008
3.667000 0.172754
3.668000 0.172499
3.669000 0.172243
3.670000 0.171985
3.671000 0.171726
3.672000 0.171465
3.673000 0.171203
3.674000 0.170940
3.675000 0.170675
3.676000 0.170409
3.677000 0.170142
3.678000 0.169873
3.679000 0.169603
3.680000 0.169332
3.681000 0.169059
3.682000 0.168785
3.683000 0.168510
3.684000 0.168233
3.685000 0.167955
3.686000 0.167675
3.687000 0.167395
3.688000 0.167113
3.689000 0.166829
3.690000 0.166545
3.691000 0.166259
3.692000 0.165972
3.693000 0.165683
3.694000 0.165394
3.695000 0.165103
3.696000 0.164810
3.697000 0.164517
3.698000 0.164222
3.699000 0.163926
3.700000 0.163629
3.701000 0.163330
3.702000 0.163030
3.703000 0.162729
3.704000 0.162427
3.705000 0.162123
3.706000 0.161818
3.707000 0.161512
3.708000 0.161205
3.709000 0.160897
3.710000 0.160587
3.711000 0.160276
3.712000 0.159964
3.713000 0.159651
3.714000 0.159337
3.715000 0.159021
3.716000 0.158704
3.717000 0.158386
3.718000 0.158067
3.719000 0.157747
3.720000 0.157425
3.721000 0.157103
3.722000 0.156779
3.723000 0.156454
3.724000 0.156128
3.725000 0.155801
3.726000 0.155472
3.727000 0.155143
3.728000 0.154812
3.729000 0.154481
3.730000 0.154148
3.731000 0.153814
3.732000 0.153479
3.733000 0.153142
3.734000 0.152805
3.735000 0.152467
3.736000 0.152127
3.737000 0.151787
3.738000 0.151445
3.739000 0.151102
3.740000 0.150758
3.741000 0.150414
3.742000 0.150068
3.743000 0.149721
3.744000 0.149373
3.745000 0.149023
3.746000 0.148673
3.747000 0.148322
3.748000 0.147970
3.749000 0.147617
3.750000 0.147262
3.751000 0.146907
3.752000 0.146551
3.753000 0.146193
3.754000 0.145835
3.755000 0.145476
3.756000 0.145115
3.757000 0.144754
3.758000 0.144392
3.759000 0.144028
3.760000 0.143664
3.761000 0.143299
3.762000 0.142933
3.763000 0.142565
3.764000 0.142197
3.765000 0.141828
3.766000 0.141458
3.767000 0.141087
3.768000 0.140715
3.769000 0.140342
3.770000 0.139968
3.771000 0.139594
3.772000 0.139218
3.773000 0.138842
3.774000 0.138464
3.775000 0.138086
3.776000 0.137706
3.777000 0.137326
3.778000 0.136945
3.779000 0.136563
3.780000 0.136180
3.781000 0.135796
3.782000 0.135412
3.783000 0.135026
3.784000 0.134640
3.785000 0.134253
3.786000 0.133865
3.787000 0.133476
3.788000 0.133086
3.789000 0.132695
3.790000 0.132304
3.791000 0.131912
3.792000 0.131519
3.793000 0.131125
3.794000 0.130730
3.795000 0.130334
3.796000 0.129938
3.797000 0.129541
3.798000 0.129143
3.799000 0.128744
3.800000 0.128345
3.801000 0.127944
3.802000 0.127543
3.803000 0.127141
3.804000 0.126739
3.805000 0.126335
3.806000 0.125931
3.807000 0.125526
3.808000 0.125121
3.809000 0.124714
3.810000 0.124307
3.811000 0.123899
3.812000 0.123491
3.813000 0.123081
3.814000 0.122671
3.815000 0.122261
3.816000 0.121849
3.817000 0.121437
3.818000 0.121024
3.819000 0.120611
3.820000 0.120196
3.821000 0.119781
3.822000 0.119366
3.823000 0.118950
3.824000 0.118533
3.825000 0.118115
3.826000 0.117697
3.827000 0.117278
3.828000 0.116858
3.829000 0.116438
3.830000 0.116017
3.831000 0.115595
3.832000 0.115173
3.833000 0.114751
3.834000 0.114327
3.835000 0.113903
3.836000 0.113479
3.837000 0.113053
3.838000 0.112628
3.839000 0.112201
3.840000 0.111774
3.841000 0.111346
3.842000 0.110918
3.843000 0.110490
3.844000 0.110060
3.845000 0.109630
3.846000 0.109200
3.847000 0.108769
3.848000 0.108337
3.849000 0.107905
3.850000 0.107472
3.851000 0.107039
3.852000 0.106605
3.853000 0.106171
3.854000 0.105736
3.855000 0.105301
3.856000 0.104865
3.857000 0.104429
3.858000 0.103992
3.859000 0.103555
3.860000 0.103117
3.861000 0.102679
3.862000 0.102240
3.863000 0.101800
3.864000 0.101361
3.865000 0.100921
3.866000 0.100480
3.867000 0.100039
3.868000 0.099597
3.869000 0.099155
3.870000 0.098712
3.871000 0.098270
3.872000 0.097826
3.873000 0.097382
3.874000 0.096938
3.875000 0.096493
3.876000 0.096048
3.877000 0.095603
3.878000 0.095157
3.879000 0.094711
3.880000 0.094264
3.881000 0.093817
3.882000 0.093369
3.883000 0.092922
3.884000 0.092473
3.885000 0.092025
3.886000 0.091576
3.887000 0.091126
3.888000 0.090677
3.889000 0.090227
3.890000 0.089776
3.891000 0.089326
3.892000 0.088874
3.893000 0.088423
3.894000 0.087971
3.895000 0.087519
3.896000 0.087067
3.897000 0.086614
3.898000 0.086161
3.899000 0.085708
3.900000 0.085254
3.901000 0.084800
3.902000 0.084346
3.903000 0.083892
3.904000 0.083437
3.905000 0.082982
3.906000 0.082526
3.907000 0.082071
3.908000 0.081615
3.909000 0.081159
3.910000 0.080702
3.911000 0.080246
3.912000 0.079789
3.913000 0.079332
3.914000 0.078875
3.915000 0.078417
3.916000 0.077959
3.917000 0.077501
3.918000 0.077043
3.919000 0.076585
3.920000 0.076126
3.921000 0.075667
3.922000 0.075208
3.923000 0.074749
3.924000 0.074290
3.925000 0.073830
3.926000 0.073370
3.927000 0.072910
3.928000 0.072450
3.929000 0.071990
3.930000 0.071530
3.931000 0.071069
3.932000 0.070608
3.933000 0.070147
3.934000 0.069686
3.935000 0.069225
3.936000 0.068764
3.937000 0.068303
3.938000 0.067841
3.939000 0.067380
3.940000 0.066918
3.941000 0.066456
3.942000 0.065994
3.943000 0.065532
3.944000 0.065070
3.945000 0.064608
3.946000 0.064145
3.947000 0.063683
3.948000 0.063221
3.949000 0.062758
3.950000 0.062295
3.951000 0.061833
3.952000 0.061370
3.953000 0.060907
3.954000 0.060445
3.955000 0.059982
3.956000 0.059519
3.957000 0.059056
3.958000 0.058593
3.959000 0.058130
3.960000 0.057667
3.961000 0.057204
3.962000 0.056741
3.963000 0.056278
3.964000 0.055815
3.965000 0.055352
3.966000 0.054889
3.967000 0.054426
3.968000 0.053963
3.969000 0.053500
3.970000 0.053037
3.971000 0.052574
3.972000 0.052112
3.973000 0.051649
3.974000 0.051186
3.975000 0.050723
3.976000 0.050261
3.977000 0.049798
3.978000 0.049335
3.979000 0.048873
3.980000 0.048411
3.981000 0.047948
3.982000 0.047486
3.983000 0.047024
3.984000 0.046562
3.985000 0.046100
3.986000 0.045638
3.987000 0.045176
3.988000 0.044715
3.989000 0.044253
3.990000 0.043792
3.991000 0.043330
3.992000 0.042869
3.993000 0.042408
3.994000 0.041947
3.995000 0.041486
3.996000 0.041026
3.997000 0.040565
3.998000 0.040105
3.999000 0.039644
4.000000 0.039184
4.001000 0.038725
4.002000 0.038265
4.003000 0.037805
4.004000 0.037346
4.005000 0.036887
4.006000 0.036428
4.007000 0.035969
4.008000 0.035510
4.009000 0.035052
4.010000 0.034594
4.011000 0.034136
4.012000 0.033678
4.013000 0.033220
4.014000 0.032763
4.015000 0.032306
4.016000 0.031849
4.017000 0.031392
4.018000 0.030936
4.019000 0.030480
4.020000 0.030024
4.021000 0.029568
4.022000 0.029112
4.023000 0.028657
4.024000 0.028202
4.025000 0.027748
4.026000 0.027293
4.027000 0.026839
4.028000 0.026385
4.029000 0.025932
4.030000 0.025478
4.031000 0.025025
4.032000 0.024573
4.033000 0.024120
4.034000 0.023668
4.035000 0.023216
4.036000 0.022765
4.037000 0.022314
4.038000 0.021863
4.039000 0.021412
4.040000 0.020962
4.041000 0.020512
4.042000 0.020063
4.043000 0.019613
4.044000 0.019164
4.045000 0.018716
4.046000 0.018268
4.047000 0.017820
4.048000 0.017373
4.049000 0.016925
4.050000 0.016479
4.051000 0.016032
4.052000 0.015586
4.053000 0.015141
4.054000 0.014696
4.055000 0.014251
4.056000 0.013806
4.057000 0.013362
4.058000 0.012919
4.059000 0.012475
4.060000 0.012032
4.061000 0.011590
4.062000 0.011148
4.063000 0.010706
4.064000 0.010265
4.065000 0.009824
4.066000 0.009384
4.067000 0.008944
4.068000 0.008505
4.069000 0.008066
4.070000 0.007627
4.071000 0.007189
4.072000 0.006751
4.073000 0.006314
4.074000 0.005877
4.075000 0.005441
4.076000 0.005005
4.077000 0.004570
4.078000 0.004135
4.079000 0.003700
4.080000 0.003266
4.081000 0.002833
4.082000 0.002400
4.083000 0.001968
4.084000 0.001536
4.085000 0.001104
4.086000 0.000673
4.087000 0.000243
4.088000 -0.000187
4.089000 -0.000617
4.090000 -0.001046
4.091000 -0.001474
4.092000 -0.001902
4.093000 -0.002329
4.094000 -0.002756
4.095000 -0.003183
4.096000 -0.003608
4.097000 -0.004033
4.098000 -0.004458
4.099000 -0.004882
4.100000 -0.005306
4.101000 -0.005729
4.102000 -0.006151
4.103000 -0.006573
4.104000 -0.006995
4.105000 -0.007415
4.106000 -0.007835
4.107000 -0.008255
4.108000 -0.008674
4.109000 -0.009093
4.110000 -0.009510
4.111000 -0.009928
4.112000 -0.010344
4.113000 -0.010760
4.114000 -0.011176
4.115000 -0.011591
4.116000 -0.012005
4.117000 -0.012419
4.118000 -0.012832
4.119000 -0.013244
4.120000 -0.013656
4.121000 -0.014067
4.122000 -0.014478
4.123000 -0.014887
4.124000 -0.015297
4.125000 -0.015705
4.126000 -0.016113
4.127000 -0.016521
4.128000 -0.016927
4.129000 -0.017334
4.130000 -0.017739
4.131000 -0.018144
4.132000 -0.018548
4.133000 -0.018951
4.134000 -0.019354
4.135000 -0.019756
4.136000 -0.020157
4.137000 -0.020558
4.138000 -0.020958
4.139000 -0.021358
4.140000 -0.021756
4.141000 -0.022154
4.142000 -0.022552
4.143000 -0.022948
4.144000 -0.023344
4.145000 -0.023740
4.146000 -0.024134
4.147000 -0.024528
4.148000 -0.024921
4.149000 -0.025313
4.150000 -0.025705
4.151000 -0.026096
4.152000 -0.026486
4.153000 -0.026876
4.154000 -0.027265
4.155000 -0.027653
4.156000 -0.028040
4.157000 -0.028427
4.158000 -0.028812
4.159000 -0.029198
4.160000 -0.029582
4.161000 -0.029966
4.162000 -0.030348
4.163000 -0.030731
4.164000 -0.031112
4.165000 -0.031493
4.166000 -0.031872
4.167000 -0.032251
4.168000 -0.032630
4.169000 -0.033007
4.170000 -0.033384
4.171000 -0.033760
4.172000 -0.034135
4.173000 -0.034510
4.174000 -0.034883
4.175000 -0.035256
4.176000 -0.035628
4.177000 -0.036000
4.178000 -0.036370
4.179000 -0.036740
4.180000 -0.037109
4.181000 -0.037477
4.182000 -0.037844
4.183000 -0.038211
4.184000 -0.038576
4.185000 -0.038941
4.186000 -0.039305
4.187000 -0.039668
4.188000 -0.040031
4.189000 -0.040392
4.190000 -0.040753
4.191000 -0.041113
4.192000 -0.041472
4.193000 -0.041830
4.194000 -0.042188
4.195000 -0.042544
4.196000 -0.042900
4.197000 -0.043255
4.198000 -0.043609
4.199000 -0.043962
4.200000 -0.044315
4.201000 -0.044666
4.202000 -0.045017
4.203000 -0.045366
4.204000 -0.045715
4.205000 -0.046063
4.206000 -0.046411
4.207000 -0.046757
4.208000 -0.047102
4.209000 -0.047447
4.210000 -0.047791
4.211000 -0.048134
4.212000 -0.048475
4.213000 -0.048817
4.214000 -0.049157
4.215000 -0.049496
4.216000 -0.049834
4.217000 -0.050172
4.218000 -0.050509
4.219000 -0.050844
4.220000 -0.051179
4.221000 -0.051513
4.222000 -0.051846
4.223000 -0.052178
4.224000 -0.052509
4.225000 -0.052840
4.226000 -0.053169
4.227000 -0.053498
4.228000 -0.053825
4.229000 -0.054152
4.230000 -0.054477
4.231000 -0.054802
4.232000 -0.055126
4.233000 -0.055449
4.234000 -0.055771
4.235000 -0.056092
4.236000 -0.056412
4.237000 -0.056732
4.238000 -0.057050
4.239000 -0.057367
4.240000 -0.057684
4.241000 -0.057999
4.242000 -0.058314
4.243000 -0.058627
4.244000 -0.058940
4.245000 -0.059252
4.246000 -0.059562
4.247000 -0.059872
4.248000 -0.060181
4.249000 -0.060489
4.250000 -0.060796
4.251000 -0.061102
4.252000 -0.061407
4.253000 -0.061711
4.254000 -0.062014
4.255000 -0.062316
4.256000 -0.062617
4.257000 -0.062917
4.258000 -0.063216
4.259000 -0.063515
4.260000 -0.063812
4.261000 -0.064108
4.262000 -0.064403
4.263000 -0.064698
4.264000 -0.064991
4.265000 -0.065283
4.266000 -0.065574
4.267000 -0.065865
4.268000 -0.066154
4.269000 -0.066442
4.270000 -0.066730
4.271000 -0.067016
4.272000 -0.067302
4.273000 -0.067586
4.274000 -0.067869
4.275000 -0.068152
4.276000 -0.068433
4.277000 -0.068713
4.278000 -0.068993
4.279000 -0.069271
4.280000 -0.069548
4.281000 -0.069825
4.282000 -0.070100
4.283000 -0.070374
4.284000 -0.070647
4.285000 -0.070920
4.286000 -0.071191
4.287000 -0.071461
4.288000 -0.071730
4.289000 -0.071998
4.290000 -0.072266
4.291000 -0.072532
4.292000 -0.072797
4.293000 -0.073061
4.294000 -0.073324
4.295000 -0.073586
4.296000 -0.073847
4.297000 -0.074107
4.298000 -0.074366
4.299000 -0.074624
4.300000 -0.074880
4.301000 -0.075136
4.302000 -0.075391
4.303000 -0.075645
4.304000 -0.075897
4.305000 -0.076149
4.306000 -0.076399
4.307000 -0.076649
4.308000 -0.076897
4.309000 -0.077145
4.310000 -0.077391
4.311000 -0.077636
4.312000 -0.077881
4.313000 -0.078124
4.314000 -0.078366
4.315000 -0.078607
4.316000 -0.078847
4.317000 -0.079086
4.318000 -0.079324
4.319000 -0.079561
4.320000 -0.079797
4.321000 -0.080032
4.322000 -0.080265
4.323000 -0.080498
4.324000 -0.080729
4.325000 -0.080960
4.326000 -0.081189
4.327000 -0.081418
4.328000 -0.081645
4.329000 -0.081871
4.330000 -0.082096
4.331000 -0.082320
4.332000 -0.082543
4.333000 -0.082765
4.334000 -0.082986
4.335000 -0.083206
4.336000 -0.083424
4.337000 -0.083642
4.338000 -0.083858
4.339000 -0.084074
4.340000 -0.084288
4.341000 -0.084502
4.342000 -0.084714
4.343000 -0.084925
4.344000 -0.085135
4.345000 -0.085344
4.346000 -0.085552
4.347000 -0.085758
4.348000 -0.085964
4.349000 -0.086169
4.350000 -0.086372
4.351000 -0.086575
4.352000 -0.086776
4.353000 -0.086976
4.354000 -0.087175
4.355000 -0.087374
4.356000 -0.087570
4.357000 -0.087766
4.358000 -0.087961
4.359000 -0.088155
4.360000 -0.088347
4.361000 -0.088539
4.362000 -0.088729
4.363000 -0.088919
4.364000 -0.089107
4.365000 -0.089294
4.366000 -0.089480
4.367000 -0.089665
4.368000 -0.089849
4.369000 -0.090032
4.370000 -0.090213
4.371000 -0.090394
4.372000 -0.090573
4.373000 -0.090751
4.374000 -0.090929
4.375000 -0.091105
4.376000 -0.091280
4.377000 -0.091454
4.378000 -0.091626
4.379000 -0.091798
4.380000 -0.091969
4.381000 -0.092138
4.382000 -0.092307
4.383000 -0.092474
4.384000 -0.092640
4.385000 -0.092805
4.386000 -0.092969
4.387000 -0.093132
4.388000 -0.093294
4.389000 -0.093454
4.390000 -0.093614
4.391000 -0.093772
4.392000 -0.093930
4.393000 -0.094086
4.394000 -0.094241
4.395000 -0.094395
4.396000 -0.094548
4.397000 -0.094700
4.398000 -0.094850
4.399000 -0.095000
4.400000 -0.095149
4.401000 -0.095296
4.402000 -0.095442
4.403000 -0.095587
4.404000 -0.095731
4.405000 -0.095874
4.406000 -0.096016
4.407000 -0.096157
4.408000 -0.096296
4.409000 -0.096435
4.410000 -0.096572
4.411000 -0.096708
4.412000 -0.096844
4.413000 -0.096978
4.414000 -0.097111
4.415000 -0.097242
4.416000 -0.097373
4.417000 -0.097503
4.418000 -0.097631
4.419000 -0.097758
4.420000 -0.097885
4.421000 -0.098010
4.422000 -0.098134
4.423000 -0.098257
4.424000 -0.098379
4.425000 -0.098499
4.426000 -0.098619
4.427000 -0.098738
4.428000 -0.098855
4.429000 -0.098971
4.430000 -0.099086
4.431000 -0.099201
4.432000 -0.099313
4.433000 -0.099425
4.434000 -0.099536
4.435000 -0.099646
4.436000 -0.099754
4.437000 -0.099862
4.438000 -0.099968
4.439000 -0.100073
4.440000 -0.100177
4.441000 -0.100280
4.442000 -0.100382
4.443000 -0.100483
4.444000 -0.100583
4.445000 -0.100681
4.446000 -0.100779
4.447000 -0.100875
4.448000 -0.100970
4.449000 -0.101065
4.450000 -0.101158
4.451000 -0.101250
4.452000 -0.101340
4.453000 -0.101430
4.454000 -0.101519
4.455000 -0.101606
4.456000 -0.101693
4.457000 -0.101778
4.458000 -0.101863
4.459000 -0.101946
4.460000 -0.102028
4.461000 -0.102109
4.462000 -0.102189
4.463000 -0.102267
4.464000 -0.102345
4.465000 -0.102422
4.466000 -0.102497
4.467000 -0.102571
4.468000 -0.102645
4.469000 -0.102717
4.470000 -0.102788
4.471000 -0.102858
4.472000 -0.102927
4.473000 -0.102995
4.474000 -0.103062
4.475000 -0.103127
4.476000 -0.103192
4.477000 -0.103255
4.478000 -0.103318
4.479000 -0.103379
4.480000 -0.103439
4.481000 -0.103498
4.482000 -0.103556
4.483000 -0.103613
4.484000 -0.103669
4.485000 -0.103724
4.486000 -0.103778
4.487000 -0.103830
4.488000 -0.103882
4.489000 -0.103933
4.490000 -0.103982
4.491000 -0.104030
4.492000 -0.104078
4.493000 -0.104124
4.494000 -0.104169
4.495000 -0.104213
4.496000 -0.104256
4.497000 -0.104298
4.498000 -0.104338
4.499000 -0.104378
4.500000 -0.104417
4.501000 -0.104454
4.502000 -0.104491
4.503000 -0.104526
4.504000 -0.104561
4.505000 -0.104594
4.506000 -0.104626
4.507000 -0.104658
4.508000 -0.104688
4.509000 -0.104717
4.510000 -0.104745
4.511000 -0.104772
4.512000 -0.104798
4.513000 -0.104822
4.514000 -0.104846
4.515000 -0.104869
4.516000 -0.104891
4.517000 -0.104911
4.518000 -0.104931
4.519000 -0.104949
4.520000 -0.104967
4.521000 -0.104983
4.522000 -0.104999
4.523000 -0.105013
4.524000 -0.105026
4.525000 -0.105038
4.526000 -0.105049
4.527000 -0.105060
4.528000 -0.105069
4.529000 -0.105077
4.530000 -0.105084
4.531000 -0.105090
4.532000 -0.105095
4.533000 -0.105099
4.534000 -0.105101
4.535000 -0.105103
4.536000 -0.105104
4.537000 -0.105104
4.538000 -0.105103
4.539000 -0.105100
4.540000 -0.105097
4.541000 -0.105093
4.542000 -0.105087
4.543000 -0.105081
4.544000 -0.105073
4.545000 -0.105065
4.546000 -0.105056
4.547000 -0.105045
4.548000 -0.105034
4.549000 -0.105021
4.550000 -0.105008
4.551000 -0.104993
4.552000 -0.104978
4.553000 -0.104961
4.554000 -0.104943
4.555000 -0.104925
4.556000 -0.104905
4.557000 -0.104885
4.558000 -0.104863
4.559000 -0.104841
4.560000 -0.104817
4.561000 -0.104792
4.562000 -0.104767
4.563000 -0.104740
4.564000 -0.104713
4.565000 -0.104684
4.566000 -0.104655
4.567000 -0.104624
4.568000 -0.104592
4.569000 -0.104560
4.570000 -0.104526
4.571000 -0.104492
4.572000 -0.104456
4.573000 -0.104420
4.574000 -0.104383
4.575000 -0.104344
4.576000 -0.104305
4.577000 -0.104264
4.578000 -0.104223
4.579000 -0.104181
4.580000 -0.104137
4.581000 -0.104093
4.582000 -0.104048
4.583000 -0.104002
4.584000 -0.103955
4.585000 -0.103906
4.586000 -0.103857
4.587000 -0.103807
4.588000 -0.103756
4.589000 -0.103704
4.590000 -0.103652
4.591000 -0.103598
4.592000 -0.103543
4.593000 -0.103487
4.594000 -0.103430
4.595000 -0.103373
4.596000 -0.103314
4.597000 -0.103255
4.598000 -0.103194
4.599000 -0.103133
4.600000 -0.103070
4.601000 -0.103007
4.602000 -0.102943
4.603000 -0.102878
4.604000 -0.102812
4.605000 -0.102745
4.606000 -0.102677
4.607000 -0.102608
4.608000 -0.102538
4.609000 -0.102467
4.610000 -0.102396
4.611000 -0.102323
4.612000 -0.102250
4.613000 -0.102175
4.614000 -0.102100
4.615000 -0.102024
4.616000 -0.101947
4.617000 -0.101869
4.618000 -0.101790
4.619000 -0.101710
4.620000 -0.101629
4.621000 -0.101547
4.622000 -0.101465
4.623000 -0.101381
4.624000 -0.101297
4.625000 -0.101212
4.626000 -0.101126
4.627000 -0.101039
4.628000 -0.100951
4.629000 -0.100862
4.630000 -0.100772
4.631000 -0.100682
4.632000 -0.100591
4.633000 -0.100498
4.634000 -0.100405
4.635000 -0.100311
4.636000 -0.100216
4.637000 -0.100120
4.638000 -0.100024
4.639000 -0.099926
4.640000 -0.099828
4.641000 -0.099729
4.642000 -0.099628
4.643000 -0.099528
4.644000 -0.099426
4.645000 -0.099323
4.646000 -0.099220
4.647000 -0.099115
4.648000 -0.099010
4.649000 -0.098904
4.650000 -0.098797
4.651000 -0.098689
4.652000 -0.098581
4.653000 -0.098471
4.654000 -0.098361
4.655000 -0.098250
4.656000 -0.098138
4.657000 -0.098025
4.658000 -0.097912
4.659000 -0.097797
4.660000 -0.097682
4.661000 -0.097566
4.662000 -0.097449
4.663000 -0.097332
4.664000 -0.097213
4.665000 -0.097094
4.666000 -0.096974
4.667000 -0.096853
4.668000 -0.096731
4.669000 -0.096609
4.670000 -0.096485
4.671000 -0.096361
4.672000 -0.096236
4.673000 -0.096111
4.674000 -0.095984
4.675000 -0.095857
4.676000 -0.095729
4.677000 -0.095600
4.678000 -0.095470
4.679000 -0.095340
4.680000 -0.095209
4.681000 -0.095077
4.682000 -0.094944
4.683000 -0.094810
4.684000 -0.094676
4.685000 -0.094541
4.686000 -0.094405
4.687000 -0.094269
4.688000 -0.094131
4.689000 -0.093993
4.690000 -0.093854
4.691000 -0.093715
4.692000 -0.093574
4.693000 -0.093433
4.694000 -0.093291
4.695000 -0.093149
4.696000 -0.093005
4.697000 -0.092861
4.698000 -0.092716
4.699000 -0.092571
4.700000 -0.092424
4.701000 -0.092277
4.702000 -0.092130
4.703000 -0.091981
4.704000 -0.091832
4.705000 -0.091682
4.706000 -0.091531
4.707000 -0.091380
4.708000 -0.091228
4.709000 -0.091075
4.710000 -0.090921
4.711000 -0.090767
4.712000 -0.090612
4.713000 -0.090456
4.714000 -0.090300
4.715000 -0.090143
4.716000 -0.089985
4.717000 -0.089827
4.718000 -0.089668
4.719000 -0.089508
4.720000 -0.089347
4.721000 -0.089186
4.722000 -0.089024
4.723000 -0.088862
4.724000 -0.088699
4.725000 -0.088535
4.726000 -0.088370
4.727000 -0.088205
4.728000 -0.088039
4.729000 -0.087872
4.730000 -0.087705
4.731000 -0.087537
4.732000 -0.087369
4.733000 -0.087199
4.734000 -0.087030
4.735000 -0.086859
4.736000 -0.086688
4.737000 -0.086516
4.738000 -0.086344
4.739000 -0.086171
4.740000 -0.085997
4.741000 -0.085822
4.742000 -0.085647
4.743000 -0.085472
4.744000 -0.085296
4.745000 -0.085119
4.746000 -0.084941
4.747000 -0.084763
4.748000 -0.084584
4.749000 -0.084405
4.750000 -0.084225
4.751000 -0.084044
4.752000 -0.083863
4.753000 -0.083681
4.754000 -0.083499
4.755000 -0.083316
4.756000 -0.083132
4.757000 -0.082948
4.758000 -0.082763
4.759000 -0.082578
4.760000 -0.082392
4.761000 -0.082205
4.762000 -0.082018
4.763000 -0.081830
4.764000 -0.081642
4.765000 -0.081453
4.766000 -0.081264
4.767000 -0.081074
4.768000 -0.080883
4.769000 -0.080692
4.770000 -0.080500
4.771000 -0.080308
4.772000 -0.080115
4.773000 -0.079922
4.774000 -0.079728
4.775000 -0.079533
4.776000 -0.079338
4.777000 -0.079142
4.778000 -0.078946
4.779000 -0.078750
4.780000 -0.078552
4.781000 -0.078355
4.782000 -0.078156
4.783000 -0.077958
4.784000 -0.077758
4.785000 -0.077558
4.786000 -0.077358
4.787000 -0.077157
4.788000 -0.076956
4.789000 -0.076754
4.790000 -0.076551
4.791000 -0.076348
4.792000 -0.076145
4.793000 -0.075941
4.794000 -0.075736
4.795000 -0.075531
4.796000 -0.075326
4.797000 -0.075120
4.798000 -0.074913
4.799000 -0.074706
4.800000 -0.074499
4.801000 -0.074291
4.802000 -0.074083
4.803000 -0.073874
4.804000 -0.073665
4.805000 -0.073455
4.806000 -0.073244
4.807000 -0.073034
4.808000 -0.072822
4.809000 -0.072611
4.810000 -0.072399
4.811000 -0.072186
4.812000 -0.071973
4.813000 -0.071759
4.814000 -0.071545
4.815000 -0.071331
4.816000 -0.071116
4.817000 -0.070901
4.818000 -0.070685
4.819000 -0.070469
4.820000 -0.070252
4.821000 -0.070035
4.822000 -0.069818
4.823000 -0.069600
4.824000 -0.069382
4.825000 -0.069163
4.826000 -0.068944
4.827000 -0.068724
4.828000 -0.068504
4.829000 -0.068284
4.830000 -0.068063
4.831000 -0.067842
4.832000 -0.067620
4.833000 -0.067398
4.834000 -0.067176
4.835000 -0.066953
4.836000 -0.066730
4.837000 -0.066506
4.838000 -0.066283
4.839000 -0.066058
4.840000 -0.065833
4.841000 -0.065608
4.842000 -0.065383
4.843000 -0.065157
4.844000 -0.064931
4.845000 -0.064704
4.846000 -0.064477
4.847000 -0.064250
4.848000 -0.064022
4.849000 -0.063794
4.850000 -0.063566
4.851000 -0.063337
4.852000 -0.063108
4.853000 -0.062879
4.854000 -0.062649
4.855000 -0.062419
4.856000 -0.062189
4.857000 -0.061958
4.858000 -0.061727
4.859000 -0.061495
4.860000 -0.061263
4.861000 -0.061031
4.862000 -0.060799
4.863000 -0.060566
4.864000 -0.060333
4.865000 -0.060100
4.866000 -0.059866
4.867000 -0.059632
4.868000 -0.059398
4.869000 -0.059163
4.870000 -0.058928
4.871000 -0.058693
4.872000 -0.058458
4.873000 -0.058222
4.874000 -0.057986
4.875000 -0.057750
4.876000 -0.057513
4.877000 -0.057276
4.878000 -0.057039
4.879000 -0.056801
4.880000 -0.056564
4.881000 -0.056326
4.882000 -0.056087
4.883000 -0.055849
4.884000 -0.055610
4.885000 -0.055371
4.886000 -0.055132
4.887000 -0.054892
4.888000 -0.054652
4.889000 -0.054412
4.890000 -0.054172
4.891000 -0.053931
4.892000 -0.053690
4.893000 -0.053449
4.894000 -0.053208
4.895000 -0.052966
4.896000 -0.052725
4.897000 -0.052483
4.898000 -0.052240
4.899000 -0.051998
4.900000 -0.051755
4.901000 -0.051512
4.902000 -0.051269
4.903000 -0.051026
4.904000 -0.050782
4.905000 -0.050539
4.906000 -0.050295
4.907000 -0.050051
4.908000 -0.049806
4.909000 -0.049562
4.910000 -0.049317
4.911000 -0.049072
4.912000 -0.048827
4.913000 -0.048582
4.914000 -0.048336
4.915000 -0.048091
4.916000 -0.047845
4.917000 -0.047599
4.918000 -0.047353
4.919000 -0.047106
4.920000 -0.046860
4.921000 -0.046613
4.922000 -0.046366
4.923000 -0.046119
4.924000 -0.045872
4.925000 -0.045624
4.926000 -0.045377
4.927000 -0.045129
4.928000 -0.044882
4.929000 -0.044634
4.930000 -0.044386
4.931000 -0.044137
4.932000 -0.043889
4.933000 -0.043640
4.934000 -0.043392
4.935000 -0.043143
4.936000 -0.042894
4.937000 -0.042645
4.938000 -0.042396
4.939000 -0.042147
4.940000 -0.041898
4.941000 -0.041648
4.942000 -0.041398
4.943000 -0.041149
4.944000 -0.040899
4.945000 -0.040649
4.946000 -0.040399
4.947000 -0.040149
4.948000 -0.039899
4.949000 -0.039649
4.950000 -0.039398
4.951000 -0.039148
4.952000 -0.038897
4.953000 -0.038646
4.954000 -0.038396
4.955000 -0.038145
4.956000 -0.037894
4.957000 -0.037643
4.958000 -0.037392
4.959000 -0.037141
4.960000 -0.036890
4.961000 -0.036639
4.962000 -0.036387
4.963000 -0.036136
4.964000 -0.035885
4.965000 -0.035633
4.966000 -0.035382
4.967000 -0.035130
4.968000 -0.034879
4.969000 -0.034627
4.970000 -0.034375
4.971000 -0.034124
4.972000 -0.033872
4.973000 -0.033620
4.974000 -0.033368
4.975000 -0.033117
4.976000 -0.032865
4.977000 -0.032613
4.978000 -0.032361
4.979000 -0.032109
4.980000 -0.031857
4.981000 -0.031605
4.982000 -0.031353
4.983000 -0.031101
4.984000 -0.030849
4.985000 -0.030598
4.986000 -0.030346
4.987000 -0.030094
4.988000 -0.029842
4.989000 -0.029590
4.990000 -0.029338
4.991000 -0.029086
4.992000 -0.028834
4.993000 -0.028582
4.994000 -0.028330
4.995000 -0.028078
4.996000 -0.027827
4.997000 -0.027575
4.998000 -0.027323
4.999000 -0.027071
